# n_s=0.965 As=2.1021e-09
# ell  Cl_TT_muK2
0	0.00000000000000e+00
1	0.00000000000000e+00
2	1.44223506175473e-10
3	6.82951820678974e-11
4	3.87776891048440e-11
5	2.47587078272390e-11
6	1.71526030952182e-11
7	1.26113521274521e-11
8	9.69100784560252e-12
9	7.70893609694643e-12
10	6.30149180962293e-12
11	5.26255496202338e-12
12	4.48012570109606e-12
13	3.86966085839468e-12
14	3.38405180978550e-12
15	2.98803462106563e-12
16	2.66624816621323e-12
17	2.40129177261982e-12
18	2.17802642421861e-12
19	1.98981288457740e-12
20	1.82657859428058e-12
21	1.68523109885687e-12
22	1.56204383748043e-12
23	1.45342149781974e-12
24	1.35755122607180e-12
25	1.27266667857222e-12
26	1.19655500443735e-12
27	1.12846731088144e-12
28	1.06712834615230e-12
29	1.01157947797106e-12
30	9.61271611625044e-13
31	9.15041865849741e-13
32	8.73080593675328e-13
33	8.34486102018072e-13
34	7.98879537718252e-13
35	7.66332032039380e-13
36	7.35931609054631e-13
37	7.07796586861878e-13
38	6.81765261409937e-13
39	6.57576771835549e-13
40	6.35014076000526e-13
41	6.13886112127011e-13
42	5.94069141012381e-13
43	5.75457170950032e-13
44	5.57970974422328e-13
45	5.41544187807448e-13
46	5.26077076965509e-13
47	5.11486806669620e-13
48	4.97695912122767e-13
49	4.84640157297117e-13
50	4.72283796584411e-13
51	4.60594425610520e-13
52	4.49507226004829e-13
53	4.38958681974555e-13
54	4.28906892226315e-13
55	4.19317922698153e-13
56	4.10191531064476e-13
57	4.01523132366467e-13
58	3.93271603835403e-13
59	3.85389103753343e-13
60	3.77848148394251e-13
61	3.70629792902269e-13
62	3.63716191113962e-13
63	3.57093432180242e-13
64	3.50745417497135e-13
65	3.44661580096035e-13
66	3.38834103299222e-13
67	3.33244760518759e-13
68	3.27873531806357e-13
69	3.22700792703987e-13
70	3.17711131771385e-13
71	3.12891692806372e-13
72	3.08252438298948e-13
73	3.03801950992956e-13
74	2.99531659075094e-13
75	2.95432393310353e-13
76	2.91488848064033e-13
77	2.87675402933960e-13
78	2.83983760240289e-13
79	2.80414158444741e-13
80	2.76963678015112e-13
81	2.73629810430582e-13
82	2.70408662636613e-13
83	2.67292335881461e-13
84	2.64276125374110e-13
85	2.61354732372809e-13
86	2.58523654833778e-13
87	2.55775564631736e-13
88	2.53104905239313e-13
89	2.50509627387650e-13
90	2.47986981333962e-13
91	2.45535061128183e-13
92	2.43151140724948e-13
93	2.40834030300722e-13
94	2.38580438037991e-13
95	2.36389325366772e-13
96	2.34257633296966e-13
97	2.32183134650648e-13
98	2.30164356346531e-13
99	2.28197335163741e-13
100	2.26281466085274e-13
101	2.24414301559901e-13
102	2.22594123768147e-13
103	2.20818119358240e-13
104	2.19084788461784e-13
105	2.17392132254729e-13
106	2.15738256208619e-13
107	2.14121363892963e-13
108	2.12539217454293e-13
109	2.10991276883960e-13
110	2.09475463164401e-13
111	2.07990306737624e-13
112	2.06534863177009e-13
113	2.05107726994592e-13
114	2.03707563278353e-13
115	2.02333103715261e-13
116	2.00983605818264e-13
117	1.99657899991283e-13
118	1.98354426478246e-13
119	1.97072589511425e-13
120	1.95811381612621e-13
121	1.94569843779472e-13
122	1.93346644175565e-13
123	1.92141345329607e-13
124	1.90953118204337e-13
125	1.89780773828707e-13
126	1.88623970625293e-13
127	1.87481603611101e-13
128	1.86353005557125e-13
129	1.85237914632768e-13
130	1.84135337398845e-13
131	1.83044342824962e-13
132	1.81965166609847e-13
133	1.80896623602577e-13
134	1.79838633031303e-13
135	1.78790427482805e-13
136	1.77751952010963e-13
137	1.76722483967874e-13
138	1.75701663766191e-13
139	1.74688823935050e-13
140	1.73684284508611e-13
141	1.72687087451697e-13
142	1.71696942270439e-13
143	1.70713875458236e-13
144	1.69737005237469e-13
145	1.68766384524785e-13
146	1.67800888857879e-13
147	1.66840317516383e-13
148	1.65884192842100e-13
149	1.64932060008005e-13
150	1.63983485928020e-13
151	1.63037776997424e-13
152	1.62095325242809e-13
153	1.61155693589558e-13
154	1.60218992334666e-13
155	1.59285064868813e-13
156	1.58354274207624e-13
157	1.57425950472494e-13
158	1.56500456418611e-13
159	1.55577394558094e-13
160	1.54656629748313e-13
161	1.53737550598909e-13
162	1.52820050573265e-13
163	1.51904027574980e-13
164	1.50988919368347e-13
165	1.50074878357406e-13
166	1.49161595949854e-13
167	1.48249001743375e-13
168	1.47337028347679e-13
169	1.46425611256334e-13
170	1.45514688724487e-13
171	1.44603988025573e-13
172	1.43693882315978e-13
173	1.42783892587721e-13
174	1.41873974184541e-13
175	1.40964288434345e-13
176	1.40054589598454e-13
177	1.39144856724309e-13
178	1.38234876161035e-13
179	1.37324833783734e-13
180	1.36414714489208e-13
181	1.35504313125862e-13
182	1.34593810838700e-13
183	1.33683194397670e-13
184	1.32772266597998e-13
185	1.31861203951955e-13
186	1.30949814238426e-13
187	1.30038270907922e-13
188	1.29126563347851e-13
189	1.28214506473452e-13
190	1.27302269282910e-13
191	1.26389842512449e-13
192	1.25477047781485e-13
193	1.24563881937250e-13
194	1.23650674253073e-13
195	1.22737247493415e-13
196	1.21823757085589e-13
197	1.20910352244411e-13
198	1.19997176205499e-13
199	1.19083892842313e-13
200	1.18170960828894e-13
201	1.17258200398392e-13
202	1.16345586823906e-13
203	1.15432791571695e-13
204	1.14520099860909e-13
205	1.13607041961471e-13
206	1.12693903004692e-13
207	1.11780519465733e-13
208	1.10866878635531e-13
209	1.09953684143847e-13
210	1.09040762208521e-13
211	1.08128366874093e-13
212	1.07216881715072e-13
213	1.06306400140971e-13
214	1.05397148409512e-13
215	1.04489208842335e-13
216	1.03582392311591e-13
217	1.02676781937150e-13
218	1.01772457520262e-13
219	1.00869365249248e-13
220	9.99674529429733e-14
221	9.90669261317920e-14
222	9.81676019337977e-14
223	9.72696810191197e-14
224	9.63733566366132e-14
225	9.54786913001744e-14
226	9.45856224726526e-14
227	9.36943322267882e-14
228	9.28048755679025e-14
229	9.19174244763040e-14
230	9.10319080409510e-14
231	9.01484918291460e-14
232	8.92673352939992e-14
233	8.83883614924152e-14
234	8.75116098680360e-14
235	8.66373446395441e-14
236	8.57653712855051e-14
237	8.48960582547790e-14
238	8.40293193397376e-14
239	8.31652897287732e-14
240	8.23039909581960e-14
241	8.14454432949214e-14
242	8.05898794733646e-14
243	7.97373121001052e-14
244	7.88877527711150e-14
245	7.80414206099108e-14
246	7.71984236423343e-14
247	7.63586606321848e-14
248	7.55224399424893e-14
249	7.46896557064295e-14
250	7.38605051453422e-14
251	7.30348808167461e-14
252	7.22128761101228e-14
253	7.13944832929471e-14
254	7.05798882199660e-14
255	6.97688852749162e-14
256	6.89616565523560e-14
257	6.81582830899675e-14
258	6.73589367732503e-14
259	6.65636902065159e-14
260	6.57727982373403e-14
261	6.49862315614075e-14
262	6.42042345620716e-14
263	6.34268624814160e-14
264	6.26541681100178e-14
265	6.18861127275960e-14
266	6.11227464518293e-14
267	6.03642049343290e-14
268	5.96104447017416e-14
269	5.88614227716617e-14
270	5.81171825174568e-14
271	5.73779357447373e-14
272	5.66435488188756e-14
273	5.59143111937011e-14
274	5.51900861952731e-14
275	5.44709886443409e-14
276	5.37572114434513e-14
277	5.30486963646244e-14
278	5.23454670349140e-14
279	5.16476260279213e-14
280	5.09552721908381e-14
281	5.02683421685022e-14
282	4.95869310331101e-14
283	4.89111303689619e-14
284	4.82408731159694e-14
285	4.75762474335506e-14
286	4.69172616656344e-14
287	4.62640751389469e-14
288	4.56166154865910e-14
289	4.49748864770552e-14
290	4.43390398691730e-14
291	4.37090745663330e-14
292	4.30849152373585e-14
293	4.24666336613239e-14
294	4.18542988674353e-14
295	4.12478332997799e-14
296	4.06473036223654e-14
297	4.00526319305258e-14
298	3.94639531548847e-14
299	3.88812577509208e-14
300	3.83045356313870e-14
301	3.77338452121958e-14
302	3.71692422076317e-14
303	3.66107117742031e-14
304	3.60583064350676e-14
305	3.55120765594412e-14
306	3.49719366542464e-14
307	3.44380020113518e-14
308	3.39102521313277e-14
309	3.33886662664037e-14
310	3.28731582611964e-14
311	3.23639024221042e-14
312	3.18607461536496e-14
313	3.13637957054568e-14
314	3.08730268401972e-14
315	3.03883520637903e-14
316	2.99098735215952e-14
317	2.94375654048781e-14
318	2.89714637578646e-14
319	2.85114798951508e-14
320	2.80575877845872e-14
321	2.76099436949965e-14
322	2.71683368513637e-14
323	2.67329211996372e-14
324	2.63035478614406e-14
325	2.58803081238595e-14
326	2.54631135386989e-14
327	2.50519942912002e-14
328	2.46469209353017e-14
329	2.42478640672919e-14
330	2.38548518524460e-14
331	2.34677967683630e-14
332	2.30867264043885e-14
333	2.27115540617399e-14
334	2.23423067802452e-14
335	2.19790103271398e-14
336	2.16215782510843e-14
337	2.12699806811493e-14
338	2.09241878371565e-14
339	2.05842245453402e-14
340	2.02500602552795e-14
341	1.99216106548414e-14
342	1.95988463674914e-14
343	1.92817381186756e-14
344	1.89702037955735e-14
345	1.86642152515558e-14
346	1.83637444318020e-14
347	1.80687113432486e-14
348	1.77790890152056e-14
349	1.74949019975290e-14
350	1.72160714616513e-14
351	1.69426215666882e-14
352	1.66745248996120e-14
353	1.64117038841304e-14
354	1.61541321784753e-14
355	1.59018332485070e-14
356	1.56546812243417e-14
357	1.54126508775497e-14
358	1.51757170613320e-14
359	1.49438060957436e-14
360	1.47168454630420e-14
361	1.44948118668187e-14
362	1.42776342569634e-14
363	1.40653378021146e-14
364	1.38577575135714e-14
365	1.36549667372360e-14
366	1.34568496907070e-14
367	1.32633857286640e-14
368	1.30745079697029e-14
369	1.28901505695318e-14
370	1.27103402476765e-14
371	1.25349206505310e-14
372	1.23639195137148e-14
373	1.21972284815539e-14
374	1.20348307317018e-14
375	1.18766203097214e-14
376	1.17225817964919e-14
377	1.15726997466209e-14
378	1.14268271172793e-14
379	1.12849941236406e-14
380	1.11471432178048e-14
381	1.10131745530514e-14
382	1.08830759326342e-14
383	1.07567923753109e-14
384	1.06342272282794e-14
385	1.05153278135383e-14
386	1.04000843045281e-14
387	1.02884449399606e-14
388	1.01802754738897e-14
389	1.00755683763375e-14
390	9.97427479441608e-15
391	9.87634660115890e-15
392	9.78165481324429e-15
393	9.69023511766051e-15
394	9.60196073873772e-15
395	9.51678754827203e-15
396	9.43467206721070e-15
397	9.35553168944191e-15
398	9.27936436637804e-15
399	9.20608913005330e-15
400	9.13566557737806e-15
401	9.06805387632249e-15
402	9.00317592026159e-15
403	8.94099351613174e-15
404	8.88146902480553e-15
405	8.82448892826201e-15
406	8.77001779505744e-15
407	8.71802070461216e-15
408	8.66842558624285e-15
409	8.62112412942755e-15
410	8.57615910771097e-15
411	8.53334966723604e-15
412	8.49273984876556e-15
413	8.45426244782258e-15
414	8.41785140180647e-15
415	8.38340537560451e-15
416	8.35096971592135e-15
417	8.32040853196337e-15
418	8.29173188899338e-15
419	8.26484242081390e-15
420	8.23975108659701e-15
421	8.21636241919680e-15
422	8.19461783484821e-15
423	8.17452980662456e-15
424	8.15600585979902e-15
425	8.13898985060697e-15
426	8.12346112557130e-15
427	8.10929617768945e-15
428	8.09654480544602e-15
429	8.08505142766727e-15
430	8.07479887022398e-15
431	8.06577019594913e-15
432	8.05788152127669e-15
433	8.05115073594019e-15
434	8.04546220282121e-15
435	8.04083484803938e-15
436	8.03722123147690e-15
437	8.03457471297270e-15
438	8.03284943903458e-15
439	8.03203285818729e-15
440	8.03204782792097e-15
441	8.03285078038518e-15
442	8.03436679471684e-15
443	8.03658614047424e-15
444	8.03943561740685e-15
445	8.04287495385898e-15
446	8.04686456099161e-15
447	8.05136552156294e-15
448	8.05640205092125e-15
449	8.06190461200854e-15
450	8.06783582885024e-15
451	8.07418978613522e-15
452	8.08096066496342e-15
453	8.08805107547175e-15
454	8.09545656613689e-15
455	8.10311217839171e-15
456	8.11098422345486e-15
457	8.11903958665525e-15
458	8.12721582979552e-15
459	8.13545159014121e-15
460	8.14380508010423e-15
461	8.15215649464228e-15
462	8.16059370724398e-15
463	8.16899834765565e-15
464	8.17745792557335e-15
465	8.18585547682559e-15
466	8.19424926996107e-15
467	8.20258158637546e-15
468	8.21079569220904e-15
469	8.21889283107235e-15
470	8.22681746549421e-15
471	8.23451500563015e-15
472	8.24198808102478e-15
473	8.24918323967267e-15
474	8.25610375510334e-15
475	8.26272507117043e-15
476	8.26905073097721e-15
477	8.27502911986488e-15
478	8.28069182684272e-15
479	8.28604260485901e-15
480	8.29100351862982e-15
481	8.29563344830868e-15
482	8.29982838531195e-15
483	8.30362044423378e-15
484	8.30696093246153e-15
485	8.30980197941757e-15
486	8.31217616464543e-15
487	8.31403624436197e-15
488	8.31536210118526e-15
489	8.31618641702838e-15
490	8.31646302074175e-15
491	8.31619853599218e-15
492	8.31539950606005e-15
493	8.31407239492265e-15
494	8.31219789337440e-15
495	8.30975702945895e-15
496	8.30675665160482e-15
497	8.30315275370118e-15
498	8.29895263065339e-15
499	8.29413830656789e-15
500	8.28869212115304e-15
501	8.28259673502282e-15
502	8.27586003838897e-15
503	8.26846505246469e-15
504	8.26041978408121e-15
505	8.25175673322976e-15
506	8.24243444198244e-15
507	8.23248532031838e-15
508	8.22189270030463e-15
509	8.21064020444231e-15
510	8.19878406986018e-15
511	8.18625960847366e-15
512	8.17312277719618e-15
513	8.15933337784345e-15
514	8.14489933664650e-15
515	8.12982848641705e-15
516	8.11412856776018e-15
517	8.09778376856470e-15
518	8.08077854853036e-15
519	8.06314419792057e-15
520	8.04484197969041e-15
521	8.02590308774667e-15
522	8.00631223854892e-15
523	7.98605440977146e-15
524	7.96518335536267e-15
525	7.94366102950972e-15
526	7.92154065629217e-15
527	7.89880693967366e-15
528	7.87546733585308e-15
529	7.85152921473436e-15
530	7.82702218694760e-15
531	7.80190871729338e-15
532	7.77624049216490e-15
533	7.75000222256555e-15
534	7.72317887142094e-15
535	7.69582138280864e-15
536	7.66789264885764e-15
537	7.63944312847055e-15
538	7.61045755275967e-15
539	7.58096407501652e-15
540	7.55092593189858e-15
541	7.52041406389559e-15
542	7.48941299190949e-15
543	7.45790748372061e-15
544	7.42594612833496e-15
545	7.39353459320917e-15
546	7.36065744344809e-15
547	7.32734140950395e-15
548	7.29359196624740e-15
549	7.25941452635657e-15
550	7.22481444108455e-15
551	7.18983831878882e-15
552	7.15444978357206e-15
553	7.11869503731496e-15
554	7.08259919690422e-15
555	7.04614630885566e-15
556	7.00934095053358e-15
557	6.97224829479839e-15
558	6.93483187811247e-15
559	6.89711598338731e-15
560	6.85910455966753e-15
561	6.82084136874012e-15
562	6.78229012982689e-15
563	6.74349423654802e-15
564	6.70447676142675e-15
565	6.66520151650954e-15
566	6.62571114689033e-15
567	6.58602819702772e-15
568	6.54613602033864e-15
569	6.50605695663297e-15
570	6.46579373548271e-15
571	6.42536829261049e-15
572	6.38480226422353e-15
573	6.34409788737967e-15
574	6.30325737312391e-15
575	6.26233981971531e-15
576	6.22130898487739e-15
577	6.18022332971338e-15
578	6.13906541275618e-15
579	6.09785545502852e-15
580	6.05661340169581e-15
581	6.01535892560991e-15
582	5.97409291304963e-15
583	5.93281623859083e-15
584	5.89156654774670e-15
585	5.85034431551710e-15
586	5.80915000948698e-15
587	5.76800229382491e-15
588	5.72693772031582e-15
589	5.68592002116441e-15
590	5.64500351365906e-15
591	5.60418790388588e-15
592	5.56347289843711e-15
593	5.52287604211413e-15
594	5.48239686266979e-15
595	5.44207032635654e-15
596	5.40189560945394e-15
597	5.36187189413045e-15
598	5.32201590929068e-15
599	5.28234415574539e-15
600	5.24285548482678e-15
601	5.20358348395441e-15
602	5.16449203072962e-15
603	5.12564897700360e-15
604	5.08701810495824e-15
605	5.04861507978931e-15
606	5.01047243451691e-15
607	4.97257119163045e-15
608	4.93494352179681e-15
609	4.89760425250372e-15
610	4.86051743396720e-15
611	4.82374839517475e-15
612	4.78726111529680e-15
613	4.75107011361654e-15
614	4.71522299029631e-15
615	4.67966720596732e-15
616	4.64446661258825e-15
617	4.60960183605824e-15
618	4.57508659117610e-15
619	4.54091803343381e-15
620	4.50710966318772e-15
621	4.47369106302668e-15
622	4.44064278125069e-15
623	4.40796176596052e-15
624	4.37567721438993e-15
625	4.34378582086154e-15
626	4.31230031778844e-15
627	4.28120134929984e-15
628	4.25053341863416e-15
629	4.22026117311024e-15
630	4.19041291749742e-15
631	4.16098507528024e-15
632	4.13197410242618e-15
633	4.10340779949045e-15
634	4.07526678363379e-15
635	4.04756301827406e-15
636	4.02030830398514e-15
637	3.99349882009506e-15
638	3.96713078054728e-15
639	3.94121579736056e-15
640	3.91575000884028e-15
641	3.89074485636528e-15
642	3.86618118455982e-15
643	3.84210075627129e-15
644	3.81845404547472e-15
645	3.79528260269781e-15
646	3.77258235352235e-15
647	3.75033427371581e-15
648	3.72854944076418e-15
649	3.70722388859375e-15
650	3.68638338393301e-15
651	3.66599415202080e-15
652	3.64606709079584e-15
653	3.62661295207114e-15
654	3.60762767573347e-15
655	3.58912186091658e-15
656	3.57106222935848e-15
657	3.55347403054895e-15
658	3.53635321509963e-15
659	3.51969576969881e-15
660	3.50349771675131e-15
661	3.48775511402236e-15
662	3.47247836984581e-15
663	3.45764920985681e-15
664	3.44327802590514e-15
665	3.42936088610116e-15
666	3.41587974909663e-15
667	3.40284498117495e-15
668	3.39026681295038e-15
669	3.37811328761867e-15
670	3.36640872114845e-15
671	3.35513532555069e-15
672	3.34428940535483e-15
673	3.33386729754687e-15
674	3.32386537125098e-15
675	3.31429379727071e-15
676	3.30513515685137e-15
677	3.29638591419636e-15
678	3.28802891604638e-15
679	3.28008802495187e-15
680	3.27254610822456e-15
681	3.26538622339498e-15
682	3.25860510500884e-15
683	3.25221296539598e-15
684	3.24620647778099e-15
685	3.24055560217180e-15
686	3.23527063490913e-15
687	3.23034845022259e-15
688	3.22578594937233e-15
689	3.22158006038879e-15
690	3.21771455971734e-15
691	3.21418654242047e-15
692	3.21099312857770e-15
693	3.20813146304592e-15
694	3.20558568848686e-15
695	3.20336610020518e-15
696	3.20143105940334e-15
697	3.19981688598432e-15
698	3.19848220937891e-15
699	3.19745032981365e-15
700	3.19669305663172e-15
701	3.19620805004211e-15
702	3.19598026197823e-15
703	3.19602020076787e-15
704	3.19632558973148e-15
705	3.19685630048648e-15
706	3.19764818016733e-15
707	3.19866135098044e-15
708	3.19989392986043e-15
709	3.20135653142873e-15
710	3.20302230575602e-15
711	3.20488952248806e-15
712	3.20696884273913e-15
713	3.20922143467435e-15
714	3.21165812660935e-15
715	3.21427734852686e-15
716	3.21705306552499e-15
717	3.21998393844444e-15
718	3.22306863938840e-15
719	3.22629371441867e-15
720	3.22965795885362e-15
721	3.23314810812015e-15
722	3.23676307783366e-15
723	3.24050179270532e-15
724	3.24435121620595e-15
725	3.24831038991450e-15
726	3.25236645900317e-15
727	3.25651857914939e-15
728	3.26076591310524e-15
729	3.26507221045465e-15
730	3.26946048747643e-15
731	3.27391828082591e-15
732	3.27842155113709e-15
733	3.28298155441955e-15
734	3.28758613010123e-15
735	3.29221163365204e-15
736	3.29688100965417e-15
737	3.30155919366080e-15
738	3.30625758266915e-15
739	3.31096447113578e-15
740	3.31566827945076e-15
741	3.32035755266617e-15
742	3.32503235614921e-15
743	3.32969275487975e-15
744	3.33431614193221e-15
745	3.33890276386492e-15
746	3.34344159029176e-15
747	3.34793295454184e-15
748	3.35236597248070e-15
749	3.35674106210576e-15
750	3.36104748297124e-15
751	3.36527460766738e-15
752	3.36941191335343e-15
753	3.37347112123692e-15
754	3.37744175568538e-15
755	3.38131345356151e-15
756	3.38507596310321e-15
757	3.38875199286568e-15
758	3.39232032967742e-15
759	3.39578177030861e-15
760	3.39912624159139e-15
761	3.40235461360757e-15
762	3.40545694284970e-15
763	3.40843417091125e-15
764	3.41126573130454e-15
765	3.41395271958173e-15
766	3.41649622284335e-15
767	3.41887598674493e-15
768	3.42110388694117e-15
769	3.42314923438746e-15
770	3.42503457970669e-15
771	3.42674001866059e-15
772	3.42825638512481e-15
773	3.42959561471424e-15
774	3.43073809983734e-15
775	3.43168533377275e-15
776	3.43244921904559e-15
777	3.43302075183145e-15
778	3.43340139163364e-15
779	3.43359258678497e-15
780	3.43358546037421e-15
781	3.43339180560430e-15
782	3.43299251453673e-15
783	3.43239938386191e-15
784	3.43159346628690e-15
785	3.43057637769551e-15
786	3.42932940687208e-15
787	3.42786443151047e-15
788	3.42617300143176e-15
789	3.42423667587174e-15
790	3.42207742438531e-15
791	3.41967688140332e-15
792	3.41704688343301e-15
793	3.41417919435953e-15
794	3.41107561918546e-15
795	3.40772802041344e-15
796	3.40414815459102e-15
797	3.40033778588082e-15
798	3.39628881075290e-15
799	3.39201287056844e-15
800	3.38750188444760e-15
801	3.38275764270779e-15
802	3.37779170088897e-15
803	3.37258631302498e-15
804	3.36715303749500e-15
805	3.36147427077366e-15
806	3.35554224791839e-15
807	3.34935892134476e-15
808	3.34292622881064e-15
809	3.33623650513344e-15
810	3.32929173005621e-15
811	3.32209386850084e-15
812	3.31466390614657e-15
813	3.30699414398535e-15
814	3.29909590486855e-15
815	3.29098040496614e-15
816	3.28264933003023e-15
817	3.27409495156817e-15
818	3.26531899914109e-15
819	3.25631383360089e-15
820	3.24707189418647e-15
821	3.23758569779651e-15
822	3.22785712597017e-15
823	3.21787878114356e-15
824	3.20766182715891e-15
825	3.19721732413244e-15
826	3.18654703136255e-15
827	3.17566187093904e-15
828	3.16456350983414e-15
829	3.15327186591560e-15
830	3.14178844975142e-15
831	3.13011476073956e-15
832	3.11824322128564e-15
833	3.10616632976860e-15
834	3.09389470486728e-15
835	3.08141186440318e-15
836	3.06871046648998e-15
837	3.05580115891702e-15
838	3.04269449167558e-15
839	3.02937417175709e-15
840	3.01587742940929e-15
841	3.00219677963621e-15
842	2.98834251540741e-15
843	2.97431600423132e-15
844	2.96014503388318e-15
845	2.94580439664217e-15
846	2.93131296787578e-15
847	2.91665445637480e-15
848	2.90183890863720e-15
849	2.88685886599722e-15
850	2.87170694251092e-15
851	2.85640181858190e-15
852	2.84093605272009e-15
853	2.82531952298509e-15
854	2.80955341255101e-15
855	2.79366465098783e-15
856	2.77763709413341e-15
857	2.76149747532525e-15
858	2.74524670589279e-15
859	2.72888569050833e-15
860	2.71241532723969e-15
861	2.69584497343067e-15
862	2.67916700902919e-15
863	2.66239916612018e-15
864	2.64553379299929e-15
865	2.62857169784502e-15
866	2.61153041975468e-15
867	2.59439394121084e-15
868	2.57717138314613e-15
869	2.55987178413360e-15
870	2.54248751773430e-15
871	2.52502757401585e-15
872	2.50750086199732e-15
873	2.48989974069779e-15
874	2.47224128804173e-15
875	2.45452603267353e-15
876	2.43676267785806e-15
877	2.41895168852730e-15
878	2.40111795018253e-15
879	2.38324550859270e-15
880	2.36535097238406e-15
881	2.34742654204393e-15
882	2.32948869221060e-15
883	2.31152960050167e-15
884	2.29354954672335e-15
885	2.27555682162312e-15
886	2.25755164641824e-15
887	2.23953424052603e-15
888	2.22152073982183e-15
889	2.20349537038105e-15
890	2.18548211690156e-15
891	2.16747312657091e-15
892	2.14947639262252e-15
893	2.13149196640507e-15
894	2.11353560403561e-15
895	2.09559158005854e-15
896	2.07768339738595e-15
897	2.05980314818165e-15
898	2.04195856033243e-15
899	2.02415729261844e-15
900	2.00639918688007e-15
901	1.98868408680830e-15
902	1.97102726939454e-15
903	1.95342848280805e-15
904	1.93588747658933e-15
905	1.91841166471644e-15
906	1.90100074875258e-15
907	1.88366969061211e-15
908	1.86641048193898e-15
909	1.84923037525927e-15
910	1.83212897922758e-15
911	1.81511346731091e-15
912	1.79819094898567e-15
913	1.78136094082210e-15
914	1.76462296228281e-15
915	1.74797653570271e-15
916	1.73143614673289e-15
917	1.71499376167758e-15
918	1.69864886295842e-15
919	1.68241579910839e-15
920	1.66629396191961e-15
921	1.65027534760354e-15
922	1.63437416990851e-15
923	1.61859715080429e-15
924	1.60292889847341e-15
925	1.58739082961640e-15
926	1.57197489606609e-15
927	1.55668772493061e-15
928	1.54153588454931e-15
929	1.52651861251352e-15
930	1.51163515109027e-15
931	1.49688474718968e-15
932	1.48228110381202e-15
933	1.46781617395378e-15
934	1.45349636713410e-15
935	1.43932085671754e-15
936	1.42528882114073e-15
937	1.41140659274774e-15
938	1.39767331433414e-15
939	1.38409525242031e-15
940	1.37066441155743e-15
941	1.35739412686277e-15
942	1.34427639867027e-15
943	1.33131740941555e-15
944	1.31851624384595e-15
945	1.30587902072534e-15
946	1.29339777788624e-15
947	1.28108561446294e-15
948	1.26893456503192e-15
949	1.25694369831072e-15
950	1.24512599802601e-15
951	1.23347351404685e-15
952	1.22198527624502e-15
953	1.21066722893378e-15
954	1.19951147148741e-15
955	1.18853081334436e-15
956	1.17771735169511e-15
957	1.16707695411706e-15
958	1.15660175895710e-15
959	1.14629761742323e-15
960	1.13617032986530e-15
961	1.12621205329954e-15
962	1.11642857225320e-15
963	1.10681885281200e-15
964	1.09738186737822e-15
965	1.08811659462741e-15
966	1.07902201946556e-15
967	1.07010384538981e-15
968	1.06135432952791e-15
969	1.05277916008927e-15
970	1.04437730530099e-15
971	1.03614108242300e-15
972	1.02807615680057e-15
973	1.02018151523243e-15
974	1.01246276698306e-15
975	1.00490566491550e-15
976	9.97515844066867e-16
977	9.90298891349838e-16
978	9.83247221258751e-16
979	9.76359856989633e-16
980	9.69642363231008e-16
981	9.63087212733172e-16
982	9.56693446402975e-16
983	9.50460110930741e-16
984	9.44392741341108e-16
985	9.38483886886555e-16
986	9.32732611495347e-16
987	9.27144427986337e-16
988	9.21711942186403e-16
989	9.16434234915937e-16
990	9.11310392511166e-16
991	9.06339506787252e-16
992	9.01527053507354e-16
993	8.96859365489488e-16
994	8.92348295021725e-16
995	8.87980236961787e-16
996	8.83760675646965e-16
997	8.79688735006136e-16
998	8.75763544196448e-16
999	8.71977948093785e-16
1000	8.68337400815399e-16
1001	8.64828519755061e-16
1002	8.61463041381284e-16
1003	8.58227650963244e-16
1004	8.55127819105402e-16
1005	8.52150327450828e-16
1006	8.49306870228505e-16
1007	8.46584287454431e-16
1008	8.43988055061841e-16
1009	8.41517438700745e-16
1010	8.39159401768437e-16
1011	8.36925573759917e-16
1012	8.34802974994046e-16
1013	8.32790960573048e-16
1014	8.30901099109776e-16
1015	8.29114402614657e-16
1016	8.27442435358395e-16
1017	8.25884531705270e-16
1018	8.24427915908884e-16
1019	8.23078046492354e-16
1020	8.21834304755086e-16
1021	8.20690054132194e-16
1022	8.19644718447085e-16
1023	8.18685728945162e-16
1024	8.17824558904493e-16
1025	8.17042718170852e-16
1026	8.16351674319894e-16
1027	8.15738999338915e-16
1028	8.15204240395138e-16
1029	8.14758803806349e-16
1030	8.14384422701340e-16
1031	8.14092497273903e-16
1032	8.13870763188111e-16
1033	8.13730579911525e-16
1034	8.13659733948927e-16
1035	8.13663684482481e-16
1036	8.13730302431440e-16
1037	8.13853388550641e-16
1038	8.14044268488658e-16
1039	8.14290921150116e-16
1040	8.14587220647002e-16
1041	8.14938672382763e-16
1042	8.15339176323058e-16
1043	8.15782678569309e-16
1044	8.16280448665579e-16
1045	8.16820676691125e-16
1046	8.17403116808708e-16
1047	8.18027524593372e-16
1048	8.18693657023454e-16
1049	8.19395568004542e-16
1050	8.20133049860785e-16
1051	8.20900213253506e-16
1052	8.21696884931058e-16
1053	8.22522892569782e-16
1054	8.23378064834293e-16
1055	8.24250951776742e-16
1056	8.25147077173430e-16
1057	8.26060685873204e-16
1058	8.26991673826057e-16
1059	8.27934340287346e-16
1060	8.28894200795016e-16
1061	8.29865576772590e-16
1062	8.30848397926440e-16
1063	8.31837039101792e-16
1064	8.32831462112421e-16
1065	8.33826094565160e-16
1066	8.34826453902099e-16
1067	8.35821475093457e-16
1068	8.36822189447270e-16
1069	8.37812080294847e-16
1070	8.38802168547799e-16
1071	8.39781502489182e-16
1072	8.40755599323298e-16
1073	8.41713578516028e-16
1074	8.42660966881845e-16
1075	8.43592386326595e-16
1076	8.44513342624245e-16
1077	8.45413065317594e-16
1078	8.46297069355863e-16
1079	8.47154653622159e-16
1080	8.47996723697353e-16
1081	8.48812617250378e-16
1082	8.49602474804837e-16
1083	8.50366436114831e-16
1084	8.51104640169654e-16
1085	8.51811892828121e-16
1086	8.52488360997406e-16
1087	8.53134210671479e-16
1088	8.53744303918770e-16
1089	8.54318834114429e-16
1090	8.54857993576454e-16
1091	8.55361973572126e-16
1092	8.55825700067585e-16
1093	8.56249391119413e-16
1094	8.56633263594320e-16
1095	8.56977533176358e-16
1096	8.57277188454947e-16
1097	8.57537687727412e-16
1098	8.57754036187556e-16
1099	8.57921275743719e-16
1100	8.58050048764107e-16
1101	8.58125028495443e-16
1102	8.58156847958824e-16
1103	8.58135424904978e-16
1104	8.58071352461363e-16
1105	8.57954582951620e-16
1106	8.57785405504180e-16
1107	8.57569230299552e-16
1108	8.57296088845169e-16
1109	8.56976501641610e-16
1110	8.56600534052310e-16
1111	8.56173580825336e-16
1112	8.55690845116161e-16
1113	8.55157700155752e-16
1114	8.54569364206949e-16
1115	8.53926139708394e-16
1116	8.53228327463938e-16
1117	8.52476226652426e-16
1118	8.51670134837405e-16
1119	8.50805334583675e-16
1120	8.49882147086576e-16
1121	8.48905887339423e-16
1122	8.47871859766260e-16
1123	8.46780380474398e-16
1124	8.45636732780388e-16
1125	8.44431282758743e-16
1126	8.43164367925345e-16
1127	8.41846208989702e-16
1128	8.40472153578048e-16
1129	8.39037582735784e-16
1130	8.37552659619863e-16
1131	8.36007845654128e-16
1132	8.34408366952225e-16
1133	8.32754523002859e-16
1134	8.31041729994970e-16
1135	8.29275183111730e-16
1136	8.27455176998277e-16
1137	8.25577148744134e-16
1138	8.23646262894432e-16
1139	8.21662809336339e-16
1140	8.19617415472520e-16
1141	8.17524884897918e-16
1142	8.15375850301272e-16
1143	8.13175425781621e-16
1144	8.10919096695825e-16
1145	8.08611957172039e-16
1146	8.06254286275357e-16
1147	8.03846361589220e-16
1148	8.01383695814214e-16
1149	7.98871343574653e-16
1150	7.96309577995999e-16
1151	7.93698670512337e-16
1152	7.91038890145204e-16
1153	7.88335226454958e-16
1154	7.85578492800926e-16
1155	7.82778389997602e-16
1156	7.79930459049765e-16
1157	7.77039651401842e-16
1158	7.74106203217870e-16
1159	7.71130349415869e-16
1160	7.68112323675069e-16
1161	7.65052358443088e-16
1162	7.61955334312173e-16
1163	7.58816815941747e-16
1164	7.55641665601378e-16
1165	7.52430087101922e-16
1166	7.49177665642301e-16
1167	7.45889236242671e-16
1168	7.42564999449266e-16
1169	7.39209748631385e-16
1170	7.35819072660120e-16
1171	7.32397747200497e-16
1172	7.28945945255803e-16
1173	7.25463838917505e-16
1174	7.21951599370505e-16
1175	7.18409396898351e-16
1176	7.14841940263661e-16
1177	7.11249374842049e-16
1178	7.07627321259889e-16
1179	7.03984978990524e-16
1180	7.00317959449855e-16
1181	6.96626404967038e-16
1182	6.92914950547060e-16
1183	6.89183714251203e-16
1184	6.85432813513912e-16
1185	6.81662365146397e-16
1186	6.77872485340223e-16
1187	6.74067745337686e-16
1188	6.70248237617265e-16
1189	6.66414054161763e-16
1190	6.62560853222164e-16
1191	6.58702025515488e-16
1192	6.54828780218646e-16
1193	6.50945618396217e-16
1194	6.47057011101388e-16
1195	6.43158607096248e-16
1196	6.39250473157887e-16
1197	6.35337057260835e-16
1198	6.31422777783010e-16
1199	6.27503289766002e-16
1200	6.23578636890915e-16
1201	6.19653214714948e-16
1202	6.15727043159672e-16
1203	6.11800141709224e-16
1204	6.07876860506701e-16
1205	6.03952873644444e-16
1206	6.00032516728773e-16
1207	5.96115787369763e-16
1208	5.92206985324221e-16
1209	5.88306086841319e-16
1210	5.84408780305866e-16
1211	5.80519344258574e-16
1212	5.76642028992923e-16
1213	5.72772523167179e-16
1214	5.68915063243973e-16
1215	5.65073857751041e-16
1216	5.61240350165473e-16
1217	5.57422995197183e-16
1218	5.53621728334778e-16
1219	5.49836485359555e-16
1220	5.46062984365353e-16
1221	5.42313815650119e-16
1222	5.38576261928221e-16
1223	5.34862872753432e-16
1224	5.31165163298341e-16
1225	5.27491438429956e-16
1226	5.23837418309412e-16
1227	5.20207190805487e-16
1228	5.16600653798418e-16
1229	5.13021862096765e-16
1230	5.09466544569955e-16
1231	5.05934600566000e-16
1232	5.02430066143900e-16
1233	4.98956951012610e-16
1234	4.95506870135266e-16
1235	4.92087957223194e-16
1236	4.88695964627088e-16
1237	4.85334877675273e-16
1238	4.82004559489119e-16
1239	4.78704873831693e-16
1240	4.75435685104363e-16
1241	4.72200934834459e-16
1242	4.69000469012507e-16
1243	4.65830070963578e-16
1244	4.62693664564369e-16
1245	4.59591097916287e-16
1246	4.56526263685824e-16
1247	4.53494954580380e-16
1248	4.50501051780338e-16
1249	4.47540362452521e-16
1250	4.44620774361913e-16
1251	4.41734077953385e-16
1252	4.38884130412902e-16
1253	4.36074763826593e-16
1254	4.33301800688917e-16
1255	4.30569061962747e-16
1256	4.27876364273984e-16
1257	4.25223525109407e-16
1258	4.22610362812157e-16
1259	4.20032735771036e-16
1260	4.17502346447044e-16
1261	4.15007133306930e-16
1262	4.12554820885712e-16
1263	4.10145213029373e-16
1264	4.07774184957413e-16
1265	4.05445484308727e-16
1266	4.03155000482323e-16
1267	4.00910381392346e-16
1268	3.98707512048793e-16
1269	3.96546201693838e-16
1270	3.94426260459962e-16
1271	3.92347499365311e-16
1272	3.90313610600590e-16
1273	3.88320514466938e-16
1274	3.86367637842645e-16
1275	3.84458659164285e-16
1276	3.82592220713322e-16
1277	3.80768127940514e-16
1278	3.78986187201200e-16
1279	3.77246205750605e-16
1280	3.75548374935004e-16
1281	3.73892502002008e-16
1282	3.72278395093594e-16
1283	3.70705863241483e-16
1284	3.69174716362539e-16
1285	3.67685145474910e-16
1286	3.66236580849620e-16
1287	3.64829214076129e-16
1288	3.63462478353943e-16
1289	3.62136187965796e-16
1290	3.60850912612726e-16
1291	3.59605711392874e-16
1292	3.58400401158108e-16
1293	3.57234799605176e-16
1294	3.56109100223487e-16
1295	3.55021997530158e-16
1296	3.53974062790808e-16
1297	3.52964370594038e-16
1298	3.51993118885785e-16
1299	3.51059387905137e-16
1300	3.50163006274844e-16
1301	3.49303803570562e-16
1302	3.48481240451567e-16
1303	3.47694780788591e-16
1304	3.46943891480611e-16
1305	3.46229148418365e-16
1306	3.45548915141534e-16
1307	3.44903402610841e-16
1308	3.44292086312613e-16
1309	3.43714444693339e-16
1310	3.43169593290821e-16
1311	3.42657748685017e-16
1312	3.42178031693119e-16
1313	3.41729932438548e-16
1314	3.41312943923514e-16
1315	3.40926562013036e-16
1316	3.40570285419053e-16
1317	3.40243615684637e-16
1318	3.39946057168288e-16
1319	3.39677117028338e-16
1320	3.39435944875200e-16
1321	3.39222414842929e-16
1322	3.39036042392947e-16
1323	3.38875628323938e-16
1324	3.38741054966621e-16
1325	3.38631489946530e-16
1326	3.38546462810971e-16
1327	3.38485505771009e-16
1328	3.38447797681170e-16
1329	3.38432522171791e-16
1330	3.38439577494609e-16
1331	3.38468153554303e-16
1332	3.38517091094994e-16
1333	3.38586651031162e-16
1334	3.38675681330423e-16
1335	3.38783389003414e-16
1336	3.38909689187647e-16
1337	3.39053443710943e-16
1338	3.39214573194675e-16
1339	3.39391948069756e-16
1340	3.39584795050008e-16
1341	3.39793043629020e-16
1342	3.40015577759668e-16
1343	3.40251984136476e-16
1344	3.40501156651799e-16
1345	3.40763036879316e-16
1346	3.41036527002080e-16
1347	3.41321227708141e-16
1348	3.41616050929292e-16
1349	3.41920950007146e-16
1350	3.42234844989374e-16
1351	3.42557350432705e-16
1352	3.42887740436853e-16
1353	3.43226322462506e-16
1354	3.43568949999923e-16
1355	3.43920392023182e-16
1356	3.44277194315829e-16
1357	3.44639332527876e-16
1358	3.45006782417824e-16
1359	3.45376120301577e-16
1360	3.45747337140008e-16
1361	3.46120423934858e-16
1362	3.46498756325071e-16
1363	3.46875551237712e-16
1364	3.47254189366118e-16
1365	3.47634661873469e-16
1366	3.48010230341139e-16
1367	3.48387635310789e-16
1368	3.48763513016948e-16
1369	3.49134519324823e-16
1370	3.49507365217343e-16
1371	3.49872020968638e-16
1372	3.50235192561035e-16
1373	3.50593555181162e-16
1374	3.50947129125858e-16
1375	3.51292613681991e-16
1376	3.51633359541112e-16
1377	3.51969386707306e-16
1378	3.52297408614846e-16
1379	3.52617459471995e-16
1380	3.52926276429171e-16
1381	3.53230491991222e-16
1382	3.53523550855605e-16
1383	3.53805500895466e-16
1384	3.54076389777271e-16
1385	3.54339538119008e-16
1386	3.54591710580019e-16
1387	3.54829690515390e-16
1388	3.55056797931892e-16
1389	3.55269825138078e-16
1390	3.55472082278445e-16
1391	3.55660370578834e-16
1392	3.55834750034352e-16
1393	3.55998516065208e-16
1394	3.56145252146642e-16
1395	3.56275031420423e-16
1396	3.56391148510303e-16
1397	3.56493662103974e-16
1398	3.56576205462100e-16
1399	3.56645280302925e-16
1400	3.56694537666185e-16
1401	3.56730460414819e-16
1402	3.56746717880959e-16
1403	3.56746584883028e-16
1404	3.56730132514409e-16
1405	3.56694250896388e-16
1406	3.56639024077514e-16
1407	3.56564535746478e-16
1408	3.56474036366226e-16
1409	3.56361270153639e-16
1410	3.56232649519572e-16
1411	3.56081935942542e-16
1412	3.55912373977338e-16
1413	3.55720900423248e-16
1414	3.55510750152702e-16
1415	3.55278868122559e-16
1416	3.55028479567831e-16
1417	3.54756537572303e-16
1418	3.54466257778218e-16
1419	3.54154601365772e-16
1420	3.53821660580544e-16
1421	3.53467527276098e-16
1422	3.53092292915828e-16
1423	3.52699149312127e-16
1424	3.52281981326948e-16
1425	3.51843984362539e-16
1426	3.51385248339820e-16
1427	3.50902779414091e-16
1428	3.50399758761265e-16
1429	3.49876275137149e-16
1430	3.49332416921879e-16
1431	3.48765205944712e-16
1432	3.48177804575436e-16
1433	3.47567242423668e-16
1434	3.46936672507741e-16
1435	3.46283132189191e-16
1436	3.45609765178036e-16
1437	3.44913616559407e-16
1438	3.44194784369443e-16
1439	3.43456398422764e-16
1440	3.42698543306633e-16
1441	3.41918279468919e-16
1442	3.41115703358736e-16
1443	3.40290911019906e-16
1444	3.39447009329078e-16
1445	3.38581073959047e-16
1446	3.37693199774906e-16
1447	3.36786480011186e-16
1448	3.35858001693441e-16
1449	3.34907858524198e-16
1450	3.33939130189235e-16
1451	3.32951897184975e-16
1452	3.31943261183558e-16
1453	3.30913313887598e-16
1454	3.29865116589682e-16
1455	3.28798747989679e-16
1456	3.27714286458573e-16
1457	3.26611810039977e-16
1458	3.25488442747086e-16
1459	3.24347223770178e-16
1460	3.23188230154839e-16
1461	3.22011538625353e-16
1462	3.20817225586185e-16
1463	3.19605367123441e-16
1464	3.18376039006336e-16
1465	3.17129316688642e-16
1466	3.15868196876690e-16
1467	3.14589824870473e-16
1468	3.13297188824481e-16
1469	3.11987441427187e-16
1470	3.10660656625157e-16
1471	3.09322711549785e-16
1472	3.07967860283397e-16
1473	3.06596175903709e-16
1474	3.05213511085873e-16
1475	3.03814142738742e-16
1476	3.02403907335464e-16
1477	3.00979975170878e-16
1478	2.99542406239710e-16
1479	2.98094130737429e-16
1480	2.96632329958794e-16
1481	2.95159925882912e-16
1482	2.93674107111468e-16
1483	2.92177787442708e-16
1484	2.90673865050695e-16
1485	2.89156680636955e-16
1486	2.87631979308809e-16
1487	2.86094116727645e-16
1488	2.84548822294548e-16
1489	2.82996130646180e-16
1490	2.81431833916466e-16
1491	2.79860220181976e-16
1492	2.78280759477331e-16
1493	2.76693769780528e-16
1494	2.75099286098280e-16
1495	2.73497905162095e-16
1496	2.71889939994222e-16
1497	2.70275982168024e-16
1498	2.68656060510776e-16
1499	2.67030762605935e-16
1500	2.65400393870418e-16
1501	2.63765257977411e-16
1502	2.62126213077347e-16
1503	2.60483000819782e-16
1504	2.58836197002401e-16
1505	2.57186374386267e-16
1506	2.55533549014570e-16
1507	2.53878013342324e-16
1508	2.52220334404464e-16
1509	2.50560800497210e-16
1510	2.48899698401666e-16
1511	2.47237313391320e-16
1512	2.45574753207612e-16
1513	2.43911748279301e-16
1514	2.42249126183991e-16
1515	2.40587436564718e-16
1516	2.38926679745837e-16
1517	2.37267401743321e-16
1518	2.35610145692629e-16
1519	2.33954907600315e-16
1520	2.32302227030388e-16
1521	2.30652369283973e-16
1522	2.29005598255383e-16
1523	2.27362176439062e-16
1524	2.25722635285682e-16
1525	2.24087233447674e-16
1526	2.22456497843624e-16
1527	2.20830414035507e-16
1528	2.19209505508978e-16
1529	2.17594292988651e-16
1530	2.15984757984379e-16
1531	2.14381417840363e-16
1532	2.12784252104063e-16
1533	2.11194041953509e-16
1534	2.09610763952832e-16
1535	2.08034661242428e-16
1536	2.06466241804766e-16
1537	2.04905213553337e-16
1538	2.03352613137676e-16
1539	2.01808411358328e-16
1540	2.00272843887333e-16
1541	1.98746145131634e-16
1542	1.97229076392071e-16
1543	1.95721340042973e-16
1544	1.94223693522989e-16
1545	1.92735838095712e-16
1546	1.91258527367341e-16
1547	1.89791986255059e-16
1548	1.88335914393853e-16
1549	1.86891059698353e-16
1550	1.85457382098176e-16
1551	1.84035102632823e-16
1552	1.82624440898655e-16
1553	1.81225875592630e-16
1554	1.79839102846164e-16
1555	1.78464599335458e-16
1556	1.77102579881842e-16
1557	1.75753258142890e-16
1558	1.74416846618116e-16
1559	1.73093556654640e-16
1560	1.71783340433423e-16
1561	1.70486408004795e-16
1562	1.69203225639005e-16
1563	1.67933486065504e-16
1564	1.66677910323921e-16
1565	1.65436190209089e-16
1566	1.64208787160035e-16
1567	1.62995393033628e-16
1568	1.61796467370371e-16
1569	1.60612212232156e-16
1570	1.59442319093441e-16
1571	1.58287498607256e-16
1572	1.57147187260410e-16
1573	1.56021839425111e-16
1574	1.54911653644079e-16
1575	1.53816574250167e-16
1576	1.52736545785416e-16
1577	1.51672017976684e-16
1578	1.50622933862910e-16
1579	1.49589488546132e-16
1580	1.48571373005667e-16
1581	1.47569033346457e-16
1582	1.46582411554970e-16
1583	1.45611449835173e-16
1584	1.44656090607620e-16
1585	1.43716276508550e-16
1586	1.42792449652412e-16
1587	1.41884301900407e-16
1588	1.40991775592582e-16
1589	1.40115061974924e-16
1590	1.39254102880001e-16
1591	1.38408840357764e-16
1592	1.37579464428840e-16
1593	1.36765669199315e-16
1594	1.35967644500691e-16
1595	1.35185332316111e-16
1596	1.34418428330826e-16
1597	1.33667368296907e-16
1598	1.32931848020567e-16
1599	1.32211564754668e-16
1600	1.31507198326566e-16
1601	1.30817955255460e-16
1602	1.30144024722828e-16
1603	1.29485350551730e-16
1604	1.28841876773859e-16
1605	1.28213547628680e-16
1606	1.27600064107705e-16
1607	1.27001614923840e-16
1608	1.26417902083210e-16
1609	1.25848871551155e-16
1610	1.25294469493163e-16
1611	1.24754642274045e-16
1612	1.24229336457117e-16
1613	1.23718257456341e-16
1614	1.23221353126234e-16
1615	1.22738571514041e-16
1616	1.22269860858950e-16
1617	1.21814929436460e-16
1618	1.21373726757284e-16
1619	1.20945962956375e-16
1620	1.20531588802971e-16
1621	1.20130555247788e-16
1622	1.19742574745318e-16
1623	1.19367599488819e-16
1624	1.19005343757922e-16
1625	1.18655760975729e-16
1626	1.18318804736665e-16
1627	1.17993954380402e-16
1628	1.17681402510788e-16
1629	1.17380867470167e-16
1630	1.17092068926891e-16
1631	1.16814963920262e-16
1632	1.16549273885351e-16
1633	1.16294721568481e-16
1634	1.16051501391775e-16
1635	1.15819102083490e-16
1636	1.15597249430428e-16
1637	1.15386139158783e-16
1638	1.15185263877229e-16
1639	1.14994586127426e-16
1640	1.14813835119969e-16
1641	1.14642741339352e-16
1642	1.14481269438046e-16
1643	1.14329151581136e-16
1644	1.14186353527224e-16
1645	1.14052377057142e-16
1646	1.13927189869639e-16
1647	1.13810528292957e-16
1648	1.13702129895711e-16
1649	1.13601964408605e-16
1650	1.13509540377507e-16
1651	1.13424829541670e-16
1652	1.13347804194727e-16
1653	1.13277747409136e-16
1654	1.13215093357424e-16
1655	1.13159127801978e-16
1656	1.13109597880594e-16
1657	1.13066709328965e-16
1658	1.13029981579212e-16
1659	1.12999392655677e-16
1660	1.12974464905998e-16
1661	1.12955178157587e-16
1662	1.12941057650483e-16
1663	1.12932312052821e-16
1664	1.12928468655912e-16
1665	1.12929283509422e-16
1666	1.12934513812561e-16
1667	1.12944143877615e-16
1668	1.12957932375150e-16
1669	1.12975413685273e-16
1670	1.12996574714936e-16
1671	1.13021177529431e-16
1672	1.13048985316025e-16
1673	1.13079762378963e-16
1674	1.13113498217838e-16
1675	1.13149734737766e-16
1676	1.13188463114596e-16
1677	1.13229451273000e-16
1678	1.13272691249428e-16
1679	1.13317506855288e-16
1680	1.13363892568732e-16
1681	1.13412065109037e-16
1682	1.13461130371327e-16
1683	1.13511306959991e-16
1684	1.13562369576313e-16
1685	1.13614093985918e-16
1686	1.13666257014044e-16
1687	1.13718636540839e-16
1688	1.13771231879526e-16
1689	1.13823822223634e-16
1690	1.13875967948718e-16
1691	1.13927670712566e-16
1692	1.13978932166991e-16
1693	1.14029096707614e-16
1694	1.14078605950748e-16
1695	1.14126588033018e-16
1696	1.14173485059541e-16
1697	1.14218864850314e-16
1698	1.14262297264836e-16
1699	1.14304006810759e-16
1700	1.14343782381046e-16
1701	1.14381413911468e-16
1702	1.14416692505939e-16
1703	1.14449626820071e-16
1704	1.14480009213749e-16
1705	1.14507849041520e-16
1706	1.14532724108193e-16
1707	1.14554645217660e-16
1708	1.14573407882067e-16
1709	1.14589238585561e-16
1710	1.14601503765149e-16
1711	1.14610430828055e-16
1712	1.14615603387151e-16
1713	1.14617035010360e-16
1714	1.14614739217642e-16
1715	1.14608515980893e-16
1716	1.14598379470779e-16
1717	1.14583917801270e-16
1718	1.14565146530142e-16
1719	1.14542293668486e-16
1720	1.14514737140291e-16
1721	1.14482917849290e-16
1722	1.14446427596931e-16
1723	1.14405071618945e-16
1724	1.14359289906045e-16
1725	1.14308465265159e-16
1726	1.14252615745306e-16
1727	1.14191969876675e-16
1728	1.14126124249528e-16
1729	1.14055097454409e-16
1730	1.13978908016779e-16
1731	1.13897364824473e-16
1732	1.13810486999125e-16
1733	1.13718084506038e-16
1734	1.13620177056501e-16
1735	1.13516575685119e-16
1736	1.13407717421711e-16
1737	1.13293204795531e-16
1738	1.13173057962256e-16
1739	1.13047297007316e-16
1740	1.12915941946165e-16
1741	1.12779012724552e-16
1742	1.12636322283607e-16
1743	1.12487891142404e-16
1744	1.12333533287696e-16
1745	1.12173682254553e-16
1746	1.12007739674178e-16
1747	1.11835932948677e-16
1748	1.11658488463917e-16
1749	1.11474810463695e-16
1750	1.11285536224172e-16
1751	1.11090276039280e-16
1752	1.10889255637472e-16
1753	1.10682495367309e-16
1754	1.10469811392877e-16
1755	1.10251224619830e-16
1756	1.10026959531289e-16
1757	1.09796832775905e-16
1758	1.09560865044895e-16
1759	1.09319076958148e-16
1760	1.09071691789743e-16
1761	1.08818526832257e-16
1762	1.08559602494384e-16
1763	1.08295141150668e-16
1764	1.08024960575593e-16
1765	1.07749484126289e-16
1766	1.07468529213784e-16
1767	1.07182115218327e-16
1768	1.06890462348843e-16
1769	1.06593589171584e-16
1770	1.06291514188989e-16
1771	1.05984255839929e-16
1772	1.05671832499942e-16
1773	1.05354462245611e-16
1774	1.05031963112225e-16
1775	1.04704751916592e-16
1776	1.04372447258465e-16
1777	1.04035464935846e-16
1778	1.03693821611263e-16
1779	1.03347335470780e-16
1780	1.02996420124242e-16
1781	1.02640893420843e-16
1782	1.02280969547729e-16
1783	1.01916664218687e-16
1784	1.01548190402602e-16
1785	1.01175365954892e-16
1786	1.00798600164346e-16
1787	1.00417907210392e-16
1788	1.00033104796460e-16
1789	9.96446000791398e-17
1790	9.92524064341286e-17
1791	9.88563414211902e-17
1792	9.84568100829474e-17
1793	9.80538250028879e-17
1794	9.76472036052926e-17
1795	9.72373488368425e-17
1796	9.68240778183328e-17
1797	9.64077918921489e-17
1798	9.59883078813119e-17
1799	9.55660255339411e-17
1800	9.51407613809346e-17
1801	9.47129135242903e-17
1802	9.42824912878199e-17
1803	9.38495039018512e-17
1804	9.34141535247733e-17
1805	9.29766414289209e-17
1806	9.25369754717753e-17
1807	9.20951634839899e-17
1808	9.16514053763518e-17
1809	9.12057082893415e-17
1810	9.07582710216880e-17
1811	9.03091000304158e-17
1812	8.98583930102902e-17
1813	8.94061557415346e-17
1814	8.89525848229765e-17
1815	8.84978759929406e-17
1816	8.80420337143117e-17
1817	8.75852526434695e-17
1818	8.71275365849396e-17
1819	8.66690791210008e-17
1820	8.62098834042470e-17
1821	8.57501419506335e-17
1822	8.52900464339516e-17
1823	8.48294097706052e-17
1824	8.43684232028918e-17
1825	8.39074656827179e-17
1826	8.34463494865341e-17
1827	8.29852639783624e-17
1828	8.25243976945210e-17
1829	8.20639383470156e-17
1830	8.16036977930990e-17
1831	8.11442379589352e-17
1832	8.06853698861471e-17
1833	8.02272792453655e-17
1834	7.97699641955836e-17
1835	7.93136093977349e-17
1836	7.88583987058084e-17
1837	7.84041429882868e-17
1838	7.79512115979887e-17
1839	7.74994152189830e-17
1840	7.70491218076235e-17
1841	7.66003271514238e-17
1842	7.61530270508702e-17
1843	7.57075870825124e-17
1844	7.52638171890091e-17
1845	7.48218970922488e-17
1846	7.43820057298042e-17
1847	7.39443212581231e-17
1848	7.35084694074556e-17
1849	7.30749959385628e-17
1850	7.26437103050607e-17
1851	7.22147893408942e-17
1852	7.17884090724719e-17
1853	7.13643789652823e-17
1854	7.09430573821090e-17
1855	7.05244361369837e-17
1856	7.01086893711687e-17
1857	6.96956262564110e-17
1858	6.92856025034111e-17
1859	6.88784271426896e-17
1860	6.84746360885897e-17
1861	6.80736750027470e-17
1862	6.76760786878683e-17
1863	6.72818368384395e-17
1864	6.68909391815376e-17
1865	6.65033754767156e-17
1866	6.61191355158869e-17
1867	6.57385694434647e-17
1868	6.53616659590146e-17
1869	6.49882340229718e-17
1870	6.46186221481263e-17
1871	6.42528185643457e-17
1872	6.38906323394222e-17
1873	6.35324103672862e-17
1874	6.31779615981800e-17
1875	6.28276316628766e-17
1876	6.24812293978224e-17
1877	6.21389209319469e-17
1878	6.18006936171513e-17
1879	6.14665348452520e-17
1880	6.11364320478396e-17
1881	6.08107276741481e-17
1882	6.04892308033063e-17
1883	6.01719284225394e-17
1884	5.98588075600820e-17
1885	5.95500320217680e-17
1886	5.92457649048717e-17
1887	5.89456395137675e-17
1888	5.86499953932947e-17
1889	5.83586426694361e-17
1890	5.80717438626084e-17
1891	5.77892851743802e-17
1892	5.75114282814313e-17
1893	5.72379836697395e-17
1894	5.69689376714694e-17
1895	5.67044515385691e-17
1896	5.64445111358042e-17
1897	5.61891023723225e-17
1898	5.59382112014985e-17
1899	5.56918236207787e-17
1900	5.54500996294257e-17
1901	5.52126771915099e-17
1902	5.49798900576993e-17
1903	5.47515503098089e-17
1904	5.45278172593589e-17
1905	5.43085034421568e-17
1906	5.40937678945970e-17
1907	5.38834236047094e-17
1908	5.36774568317175e-17
1909	5.34761985218232e-17
1910	5.32792896550337e-17
1911	5.30867166211227e-17
1912	5.28986376342561e-17
1913	5.27148670286077e-17
1914	5.25353913222913e-17
1915	5.23603683197094e-17
1916	5.21896130218272e-17
1917	5.20231120737608e-17
1918	5.18608521623865e-17
1919	5.17029905473243e-17
1920	5.15491727587363e-17
1921	5.13995563168617e-17
1922	5.12541280741731e-17
1923	5.11127051015723e-17
1924	5.09756141551347e-17
1925	5.08423332706866e-17
1926	5.07130198134728e-17
1927	5.05878304834638e-17
1928	5.04664144884814e-17
1929	5.03489287813806e-17
1930	5.02353610593321e-17
1931	5.01255306390451e-17
1932	5.00192575724235e-17
1933	4.99168668552916e-17
1934	4.98180105411989e-17
1935	4.97228452791245e-17
1936	4.96311919594052e-17
1937	4.95430395772053e-17
1938	4.94583771618783e-17
1939	4.93770267446001e-17
1940	4.92989779390786e-17
1941	4.92242203912637e-17
1942	4.91527437792366e-17
1943	4.90845378130994e-17
1944	4.90192598861546e-17
1945	4.89570668004994e-17
1946	4.88979488716281e-17
1947	4.88417307822595e-17
1948	4.87884034178021e-17
1949	4.87377923688479e-17
1950	4.86898890856084e-17
1951	4.86448501005256e-17
1952	4.86023371353460e-17
1953	4.85623426524430e-17
1954	4.85248591370997e-17
1955	4.84898790974308e-17
1956	4.84572309221274e-17
1957	4.84269076677252e-17
1958	4.83989024118200e-17
1959	4.83730446130375e-17
1960	4.83493278915631e-17
1961	4.83277458868976e-17
1962	4.83079659777117e-17
1963	4.82903087865447e-17
1964	4.82744423928659e-17
1965	4.82601988626036e-17
1966	4.82478983702508e-17
1967	4.82372105360688e-17
1968	4.82279684636788e-17
1969	4.82204918767734e-17
1970	4.82142901065134e-17
1971	4.82095210849708e-17
1972	4.82061806098236e-17
1973	4.82039418384237e-17
1974	4.82029627369535e-17
1975	4.82032396286866e-17
1976	4.82044471736867e-17
1977	4.82065826929636e-17
1978	4.82096435155040e-17
1979	4.82134666282740e-17
1980	4.82182100498802e-17
1981	4.82235510794657e-17
1982	4.82296479103567e-17
1983	4.82363386884066e-17
1984	4.82434622094746e-17
1985	4.82511766815913e-17
1986	4.82591620088482e-17
1987	4.82675765667557e-17
1988	4.82762602894782e-17
1989	4.82850537533596e-17
1990	4.82941153397043e-17
1991	4.83032859466555e-17
1992	4.83124071101888e-17
1993	4.83213210017139e-17
1994	4.83303442671586e-17
1995	4.83390033394845e-17
1996	4.83476147027770e-17
1997	4.83558636826966e-17
1998	4.83635941799014e-17
1999	4.83711221951699e-17
2000	4.83779774618033e-17
2001	4.83844758075727e-17
2002	4.83903050231030e-17
2003	4.83954672022878e-17
2004	4.83999644326647e-17
2005	4.84037987954361e-17
2006	4.84068163019100e-17
2007	4.84088635788686e-17
2008	4.84100993721273e-17
2009	4.84103706026580e-17
2010	4.84096802460130e-17
2011	4.84078759800857e-17
2012	4.84049612253745e-17
2013	4.84007844117419e-17
2014	4.83955042271406e-17
2015	4.83889693876934e-17
2016	4.83810292128145e-17
2017	4.83719967221976e-17
2018	4.83614126318910e-17
2019	4.83495897841586e-17
2020	4.83362241540547e-17
2021	4.83214741914912e-17
2022	4.83053441202031e-17
2023	4.82875312466345e-17
2024	4.82681939794029e-17
2025	4.82473369571096e-17
2026	4.82246588078515e-17
2027	4.82003178953252e-17
2028	4.81743192673604e-17
2029	4.81465154104012e-17
2030	4.81169117928836e-17
2031	4.80856661130860e-17
2032	4.80524791649171e-17
2033	4.80173568174571e-17
2034	4.79804567198026e-17
2035	4.79416326105144e-17
2036	4.79008903071700e-17
2037	4.78580842592930e-17
2038	4.78133718976580e-17
2039	4.77666079334474e-17
2040	4.77177985588842e-17
2041	4.76667991895757e-17
2042	4.76137670345341e-17
2043	4.75587082304556e-17
2044	4.75014785797088e-17
2045	4.74422347927381e-17
2046	4.73808329287602e-17
2047	4.73171296150259e-17
2048	4.72514312338367e-17
2049	4.71835942275612e-17
2050	4.71136250419727e-17
2051	4.70413808249133e-17
2052	4.69670176330820e-17
2053	4.68903929321300e-17
2054	4.68115136050418e-17
2055	4.67303865144435e-17
2056	4.66471670697066e-17
2057	4.65615648144810e-17
2058	4.64738835408312e-17
2059	4.63838333296710e-17
2060	4.62917173562597e-17
2061	4.61972462373562e-17
2062	4.61007225333535e-17
2063	4.60018573954403e-17
2064	4.59008053532084e-17
2065	4.57977203444634e-17
2066	4.56923143193962e-17
2067	4.55847413193013e-17
2068	4.54751547963663e-17
2069	4.53632674966267e-17
2070	4.52493795402335e-17
2071	4.51333506252805e-17
2072	4.50150409968958e-17
2073	4.48947498679941e-17
2074	4.47723373040965e-17
2075	4.46479556342877e-17
2076	4.45213194499895e-17
2077	4.43927267616693e-17
2078	4.42620381233604e-17
2079	4.41294052284668e-17
2080	4.39948340338854e-17
2081	4.38583304790087e-17
2082	4.37199004857817e-17
2083	4.35795499587581e-17
2084	4.34372847851565e-17
2085	4.32933997628293e-17
2086	4.31474669372979e-17
2087	4.29997809345762e-17
2088	4.28504912087896e-17
2089	4.26993149126641e-17
2090	4.25464016066801e-17
2091	4.23917566482781e-17
2092	4.22353853791817e-17
2093	4.20774364874188e-17
2094	4.19179148728470e-17
2095	4.17566823324894e-17
2096	4.15940300508278e-17
2097	4.14298196595784e-17
2098	4.12640560013148e-17
2099	4.10968864481398e-17
2100	4.09281729991428e-17
2101	4.07580626908517e-17
2102	4.05865597207773e-17
2103	4.04136682376366e-17
2104	4.02393923781532e-17
2105	4.00638779995799e-17
2106	3.98869872132126e-17
2107	3.97090070478101e-17
2108	3.95296581292524e-17
2109	3.93493681230591e-17
2110	3.91678577691174e-17
2111	3.89854125802119e-17
2112	3.88018946071867e-17
2113	3.86174477485304e-17
2114	3.84319343042476e-17
2115	3.82456382845642e-17
2116	3.80584218400913e-17
2117	3.78704279054594e-17
2118	3.76815188814042e-17
2119	3.74919772888467e-17
2120	3.73015256479301e-17
2121	3.71105855400949e-17
2122	3.69188796046495e-17
2123	3.67265495464473e-17
2124	3.65338757476149e-17
2125	3.63404421480983e-17
2126	3.61466679355191e-17
2127	3.59524154580489e-17
2128	3.57578249539812e-17
2129	3.55628975803929e-17
2130	3.53674960651830e-17
2131	3.51718985398498e-17
2132	3.49759675953871e-17
2133	3.47798424118475e-17
2134	3.45835237412426e-17
2135	3.43871501115531e-17
2136	3.41907218833508e-17
2137	3.39941018954388e-17
2138	3.37975656756956e-17
2139	3.36011131953387e-17
2140	3.34047444254740e-17
2141	3.32084593370960e-17
2142	3.30123947805321e-17
2143	3.28164135917409e-17
2144	3.26207889904229e-17
2145	3.24253836867726e-17
2146	3.22301972713848e-17
2147	3.20353655786043e-17
2148	3.18408878205422e-17
2149	3.16468992006999e-17
2150	3.14532626929375e-17
2151	3.12601132486934e-17
2152	3.10674496909428e-17
2153	3.08754063265585e-17
2154	3.06838462447210e-17
2155	3.04930387411058e-17
2156	3.03027116794855e-17
2157	3.01131338615523e-17
2158	2.99243033763147e-17
2159	2.97360835850882e-17
2160	2.95487421775469e-17
2161	2.93621424003907e-17
2162	2.91764167224116e-17
2163	2.89915628856814e-17
2164	2.88075786383763e-17
2165	2.86244617347585e-17
2166	2.84423437987593e-17
2167	2.82612222262862e-17
2168	2.80810944203022e-17
2169	2.79019577908045e-17
2170	2.77239431254662e-17
2171	2.75469142320071e-17
2172	2.73711347923365e-17
2173	2.71964685073161e-17
2174	2.70230453368526e-17
2175	2.68508620019265e-17
2176	2.66799152324190e-17
2177	2.65102017670848e-17
2178	2.63417183535252e-17
2179	2.61745940196208e-17
2180	2.60088251667028e-17
2181	2.58442761768325e-17
2182	2.56812076498811e-17
2183	2.55194838662277e-17
2184	2.53592329327468e-17
2185	2.52003193917306e-17
2186	2.50428711290564e-17
2187	2.48870155596575e-17
2188	2.47324860717762e-17
2189	2.45795412875275e-17
2190	2.44281769887160e-17
2191	2.42782581417144e-17
2192	2.41299116166566e-17
2193	2.39831332290600e-17
2194	2.38377883363582e-17
2195	2.36941338343586e-17
2196	2.35521652160011e-17
2197	2.34117478730004e-17
2198	2.32728776776831e-17
2199	2.31356803904510e-17
2200	2.30001515518721e-17
2201	2.28662867065942e-17
2202	2.27340813794288e-17
2203	2.26035310993537e-17
2204	2.24747606959074e-17
2205	2.23476361994112e-17
2206	2.22221531755824e-17
2207	2.20984361394202e-17
2208	2.19763515098870e-17
2209	2.18560235930576e-17
2210	2.17374476536949e-17
2211	2.16204904981116e-17
2212	2.15052761201405e-17
2213	2.13917998224031e-17
2214	2.12800569202222e-17
2215	2.11699147337986e-17
2216	2.10616247347908e-17
2217	2.09550541529771e-17
2218	2.08501983541046e-17
2219	2.07469251696248e-17
2220	2.06454851987402e-17
2221	2.05457461828026e-17
2222	2.04477035373810e-17
2223	2.03514797787219e-17
2224	2.02568160562142e-17
2225	2.01639618851045e-17
2226	2.00726588962677e-17
2227	1.99831561730839e-17
2228	1.98953223452055e-17
2229	1.98090265092224e-17
2230	1.97245171027432e-17
2231	1.96416631330615e-17
2232	1.95604601381715e-17
2233	1.94807777152203e-17
2234	1.94028634445558e-17
2235	1.93264611067739e-17
2236	1.92518178551993e-17
2237	1.91786779444058e-17
2238	1.91071627109561e-17
2239	1.90371424967718e-17
2240	1.89688636038786e-17
2241	1.89019461749327e-17
2242	1.88366364226511e-17
2243	1.87729300136987e-17
2244	1.87106979050408e-17
2245	1.86499361197147e-17
2246	1.85906406914114e-17
2247	1.85328076644439e-17
2248	1.84764330937157e-17
2249	1.84215130446894e-17
2250	1.83680435933551e-17
2251	1.83160208427641e-17
2252	1.82653171356113e-17
2253	1.82159290078755e-17
2254	1.81679766220554e-17
2255	1.81212091881738e-17
2256	1.80758703950446e-17
2257	1.80318331982764e-17
2258	1.79890941798892e-17
2259	1.79475268600929e-17
2260	1.79072511275377e-17
2261	1.78682635908494e-17
2262	1.78304381229251e-17
2263	1.77936490393234e-17
2264	1.77581386807129e-17
2265	1.77237812702909e-17
2266	1.76905737839443e-17
2267	1.76583910015710e-17
2268	1.76272302381353e-17
2269	1.75972108043521e-17
2270	1.75682078257769e-17
2271	1.75402186389634e-17
2272	1.75132405874777e-17
2273	1.74872710218774e-17
2274	1.74621858467587e-17
2275	1.74379827467763e-17
2276	1.74147806522954e-17
2277	1.73923346744353e-17
2278	1.73707638622660e-17
2279	1.73500659246829e-17
2280	1.73302385765978e-17
2281	1.73111588301177e-17
2282	1.72928247293713e-17
2283	1.72751138261671e-17
2284	1.72582652752477e-17
2285	1.72420362463783e-17
2286	1.72265453011546e-17
2287	1.72116704323865e-17
2288	1.71974100290962e-17
2289	1.71837624845230e-17
2290	1.71707261961116e-17
2291	1.71581799079332e-17
2292	1.71462418921082e-17
2293	1.71347911092467e-17
2294	1.71238262853688e-17
2295	1.71133461498241e-17
2296	1.71032302981911e-17
2297	1.70935968109147e-17
2298	1.70843254970184e-17
2299	1.70755342353526e-17
2300	1.70669843246593e-17
2301	1.70587937727486e-17
2302	1.70509617423085e-17
2303	1.70432505904688e-17
2304	1.70360150551634e-17
2305	1.70288993908752e-17
2306	1.70220215097338e-17
2307	1.70153809109616e-17
2308	1.70088591932634e-17
2309	1.70024561644958e-17
2310	1.69962893306043e-17
2311	1.69902405989200e-17
2312	1.69841922846927e-17
2313	1.69782618950551e-17
2314	1.69724492398430e-17
2315	1.69666369393487e-17
2316	1.69608251076628e-17
2317	1.69550138584810e-17
2318	1.69492033051062e-17
2319	1.69432767743544e-17
2320	1.69373513661086e-17
2321	1.69313106071533e-17
2322	1.69251549099651e-17
2323	1.69190010701933e-17
2324	1.69126166292026e-17
2325	1.69061184805705e-17
2326	1.68993909477633e-17
2327	1.68925507213091e-17
2328	1.68854823213221e-17
2329	1.68783022358143e-17
2330	1.68707794948203e-17
2331	1.68630306820163e-17
2332	1.68550564941355e-17
2333	1.68468576260210e-17
2334	1.68383194805009e-17
2335	1.68294430447770e-17
2336	1.68202293034177e-17
2337	1.68107942327539e-17
2338	1.68009087250043e-17
2339	1.67906888497248e-17
2340	1.67801355810253e-17
2341	1.67691352885869e-17
2342	1.67578037388186e-17
2343	1.67460274913820e-17
2344	1.67338078023988e-17
2345	1.67211459246774e-17
2346	1.67081572216808e-17
2347	1.66946146145010e-17
2348	1.66806335573469e-17
2349	1.66661014671403e-17
2350	1.66511335966511e-17
2351	1.66357311646195e-17
2352	1.66197817979595e-17
2353	1.66032869285818e-17
2354	1.65862479847169e-17
2355	1.65687796345263e-17
2356	1.65506567156179e-17
2357	1.65321070365989e-17
2358	1.65129058121543e-17
2359	1.64932804597467e-17
2360	1.64730065702023e-17
2361	1.64521985019733e-17
2362	1.64307450806985e-17
2363	1.64087604659533e-17
2364	1.63861336662086e-17
2365	1.63629786426919e-17
2366	1.63392967795535e-17
2367	1.63148652603409e-17
2368	1.62899100377325e-17
2369	1.62644324845542e-17
2370	1.62382103401691e-17
2371	1.62114689774504e-17
2372	1.61840981314619e-17
2373	1.61562109749377e-17
2374	1.61275859850210e-17
2375	1.60984477648965e-17
2376	1.60686864101440e-17
2377	1.60381923871701e-17
2378	1.60071897242417e-17
2379	1.59755687859323e-17
2380	1.59434420613064e-17
2381	1.59105893096584e-17
2382	1.58771231050693e-17
2383	1.58430450468021e-17
2384	1.58083567300501e-17
2385	1.57731701591608e-17
2386	1.57372660022854e-17
2387	1.57007563483172e-17
2388	1.56637529123091e-17
2389	1.56261469489239e-17
2390	1.55878300777101e-17
2391	1.55490238615944e-17
2392	1.55097295881673e-17
2393	1.54697291890243e-17
2394	1.54292436642784e-17
2395	1.53881647977287e-17
2396	1.53466035392387e-17
2397	1.53044518483791e-17
2398	1.52617112655769e-17
2399	1.52184924559029e-17
2400	1.51746876416330e-17
