# n_s=0.967 As=2.1e-09
# ell  Cl_TT_muK2
0	0.00000000000000e+00
1	0.00000000000000e+00
2	1.42702411068295e-10
3	6.76044351065904e-11
4	3.83998309937579e-11
5	2.45255406480964e-11
6	1.69960929508184e-11
7	1.24996332890406e-11
8	9.60751540843313e-12
9	7.64424967529787e-12
10	6.24992611484489e-12
11	5.22050807893004e-12
12	4.44513515137012e-12
13	3.84009127085784e-12
14	3.35873164408997e-12
15	2.96612777830358e-12
16	2.64707815540898e-12
17	2.38434495507949e-12
18	2.16292008355468e-12
19	1.97625338321707e-12
20	1.81433562437752e-12
21	1.67411696766760e-12
22	1.55190319363437e-12
23	1.44412573012297e-12
24	1.34899334677749e-12
25	1.26475734098762e-12
26	1.18921896925275e-12
27	1.12164007522134e-12
28	1.06075435182250e-12
29	1.00561149193672e-12
30	9.55669272884426e-13
31	9.09769689582030e-13
32	8.68107157504059e-13
33	8.29783880599351e-13
34	7.94424494465496e-13
35	7.62103365697731e-13
36	7.31911098508918e-13
37	7.03967340172759e-13
38	6.78111580924670e-13
39	6.54084806031352e-13
40	6.31671755038048e-13
41	6.10682831264189e-13
42	5.90995286969652e-13
43	5.72503941786845e-13
44	5.55130293561394e-13
45	5.38808628910353e-13
46	5.23439811579372e-13
47	5.08941595820765e-13
48	4.95237057321181e-13
49	4.82262444617300e-13
50	4.69982447471678e-13
51	4.58365047923613e-13
52	4.47345755057792e-13
53	4.36861345279514e-13
54	4.26870183414910e-13
55	4.17338578202470e-13
56	4.08266512727967e-13
57	3.99649621740422e-13
58	3.91446986312698e-13
59	3.83610950943624e-13
60	3.76114202274544e-13
61	3.68937948020559e-13
62	3.62064468524474e-13
63	3.55479966595921e-13
64	3.49168449009382e-13
65	3.43119446619144e-13
66	3.37325237818459e-13
67	3.31767700404965e-13
68	3.26426914634577e-13
69	3.21283348435424e-13
70	3.16321675633248e-13
71	3.11529113050238e-13
72	3.06915668537270e-13
73	3.02489962324501e-13
74	2.98243458392105e-13
75	2.94167021696921e-13
76	2.90245384839961e-13
77	2.86452985318090e-13
78	2.82781584560364e-13
79	2.79231475864712e-13
80	2.75799790607495e-13
81	2.72484065532217e-13
82	2.69280441790241e-13
83	2.66181050767002e-13
84	2.63181216011653e-13
85	2.60275665452090e-13
86	2.57459922042079e-13
87	2.54726680756625e-13
88	2.52070406758457e-13
89	2.49489071267716e-13
90	2.46979943908543e-13
91	2.44541137271837e-13
92	2.42169943725696e-13
93	2.39865191062714e-13
94	2.37623604117698e-13
95	2.35444160070947e-13
96	2.33323814837829e-13
97	2.31260355354145e-13
98	2.29252321909835e-13
99	2.27295763958490e-13
100	2.25390088503324e-13
101	2.23532859398606e-13
102	2.21722369652448e-13
103	2.19955816197018e-13
104	2.18231708936164e-13
105	2.16548058336176e-13
106	2.14902978704840e-13
107	2.13294682019777e-13
108	2.11720938431763e-13
109	2.10181215555221e-13
110	2.08673441635711e-13
111	2.07196154211555e-13
112	2.05748416299512e-13
113	2.04328829658962e-13
114	2.02936066270592e-13
115	2.01568864379144e-13
116	2.00226487738878e-13
117	1.98907772695877e-13
118	1.97611165153339e-13
119	1.96336074735163e-13
120	1.95081499101453e-13
121	1.93846484148295e-13
122	1.92629702710512e-13
123	1.91430721772743e-13
124	1.90248716549544e-13
125	1.89082502128118e-13
126	1.87931740805647e-13
127	1.86795331299458e-13
128	1.85672609915390e-13
129	1.84563318200544e-13
130	1.83466465944117e-13
131	1.82381125171579e-13
132	1.81307534383823e-13
133	1.80244511083021e-13
134	1.79191977038551e-13
135	1.78149167271894e-13
136	1.77116029170147e-13
137	1.76091842321921e-13
138	1.75076249284208e-13
139	1.74068584642584e-13
140	1.73069170403822e-13
141	1.72077050425373e-13
142	1.71091936029665e-13
143	1.70113855453523e-13
144	1.69141928593170e-13
145	1.68176209972631e-13
146	1.67215576673476e-13
147	1.66259829458521e-13
148	1.65308492094734e-13
149	1.64361111124783e-13
150	1.63417254779216e-13
151	1.62476230669951e-13
152	1.61538431799881e-13
153	1.60603421988779e-13
154	1.59671312397928e-13
155	1.58741947253374e-13
156	1.57815690378334e-13
157	1.56891872675093e-13
158	1.55970857654073e-13
159	1.55052248557955e-13
160	1.54135910950947e-13
161	1.53221234126710e-13
162	1.52308112210690e-13
163	1.51396443747421e-13
164	1.50485667121795e-13
165	1.49575935338870e-13
166	1.48666940388507e-13
167	1.47758612432390e-13
168	1.46850884626735e-13
169	1.45943692994756e-13
170	1.45036976304993e-13
171	1.44130462328612e-13
172	1.43224524704620e-13
173	1.42318684893094e-13
174	1.41412898691778e-13
175	1.40507327869024e-13
176	1.39601727063238e-13
177	1.38696075489727e-13
178	1.37790159615180e-13
179	1.36884165433278e-13
180	1.35978077960270e-13
181	1.35071692164773e-13
182	1.34165189312642e-13
183	1.33258556295218e-13
184	1.32351596029554e-13
185	1.31444485150096e-13
186	1.30537031558158e-13
187	1.29629408826849e-13
188	1.28721606466275e-13
189	1.27813439514387e-13
190	1.26905077092042e-13
191	1.25996510058018e-13
192	1.25087560154113e-13
193	1.24178224349716e-13
194	1.23268832040028e-13
195	1.22359206111049e-13
196	1.21449502111255e-13
197	1.20539869376204e-13
198	1.19630451261795e-13
199	1.18720911761268e-13
200	1.17811709667911e-13
201	1.16902665236994e-13
202	1.15993753384514e-13
203	1.15084645142992e-13
204	1.14175625318862e-13
205	1.13266223789544e-13
206	1.12356725313267e-13
207	1.11446966010787e-13
208	1.10536932836585e-13
209	1.09627329101226e-13
210	1.08717980719946e-13
211	1.07809141450636e-13
212	1.06901194596490e-13
213	1.05994233310455e-13
214	1.05088483607864e-13
215	1.04184027581604e-13
216	1.03280675888179e-13
217	1.02378511444414e-13
218	1.01477613860635e-13
219	1.00577929145888e-13
220	9.96794049509696e-14
221	9.87822466489340e-14
222	9.78862712109326e-14
223	9.69916791701089e-14
224	9.60986636479053e-14
225	9.52072870400084e-14
226	9.43174866999049e-14
227	9.34294445994780e-14
228	9.25432156513669e-14
229	9.16589717510564e-14
230	9.07766419102343e-14
231	8.98963916261916e-14
232	8.90183802890028e-14
233	8.81425308992411e-14
234	8.72688828506581e-14
235	8.63977003182347e-14
236	8.55287887427804e-14
237	8.46625165411100e-14
238	8.37987974790361e-14
239	8.29377667236592e-14
240	8.20794457950568e-14
241	8.12238549487685e-14
242	8.03712269124959e-14
243	7.95215742905808e-14
244	7.86749086810519e-14
245	7.78314492136038e-14
246	7.69913039242098e-14
247	7.61543715905925e-14
248	7.53209605933393e-14
249	7.44909650866784e-14
250	7.36645823163354e-14
251	7.28417048313213e-14
252	7.20224258735641e-14
253	7.12067375360121e-14
254	7.03948255082695e-14
255	6.95864840180005e-14
256	6.87818950124589e-14
257	6.79811393904971e-14
258	6.71843889069768e-14
259	6.63917160434899e-14
260	6.56033755325458e-14
261	6.48193379621589e-14
262	6.40398476151629e-14
263	6.32649596400299e-14
264	6.24947267404030e-14
265	6.17291101155204e-14
266	6.09681598088153e-14
267	6.02120114036791e-14
268	5.94606213643605e-14
269	5.87139466516817e-14
270	5.79720305876720e-14
271	5.72350849318545e-14
272	5.65029760085856e-14
273	5.57759932355783e-14
274	5.50539999075067e-14
275	5.43371108183052e-14
276	5.36255188481186e-14
277	5.29191657508262e-14
278	5.22180751394556e-14
279	5.15223495775536e-14
280	5.08320879060922e-14
281	5.01472267673898e-14
282	4.94678612346955e-14
283	4.87940828968083e-14
284	4.81258247014642e-14
285	4.74631748191134e-14
286	4.68061416078111e-14
287	4.61548844113941e-14
288	4.55093308829532e-14
289	4.48694848137391e-14
290	4.42354979880218e-14
291	4.36073693372031e-14
292	4.29850235606033e-14
293	4.23685324701856e-14
294	4.17579651303495e-14
295	4.11532440225942e-14
296	4.05544358504754e-14
297	3.99614627509312e-14
298	3.93744596981675e-14
299	3.87934171931485e-14
300	3.82183251959428e-14
301	3.76492421928700e-14
302	3.70862240545149e-14
303	3.65292561135830e-14
304	3.59783910677255e-14
305	3.54336794589674e-14
306	3.48950359653722e-14
307	3.43625760482998e-14
308	3.38362793761793e-14
309	3.33161253674843e-14
310	3.28020280314766e-14
311	3.22941618376195e-14
312	3.17923743519355e-14
313	3.12967719840013e-14
314	3.08073306549097e-14
315	3.03239630274866e-14
316	2.98467714024988e-14
317	2.93757301251376e-14
318	2.89108753920866e-14
319	2.84521186689488e-14
320	2.79994340731459e-14
321	2.75529780216514e-14
322	2.71125398861964e-14
323	2.66782737580849e-14
324	2.62500309029210e-14
325	2.58279027504107e-14
326	2.54118009936332e-14
327	2.50017559577730e-14
328	2.45977383353943e-14
329	2.41997188601086e-14
330	2.38077258332251e-14
331	2.34216718671016e-14
332	2.30415846845810e-14
333	2.26673777191303e-14
334	2.22990781415922e-14
335	2.19367118489959e-14
336	2.15801925185872e-14
337	2.12294904068271e-14
338	2.08845758597449e-14
339	2.05454738286130e-14
340	2.02121538868911e-14
341	1.98845318451824e-14
342	1.95625784485556e-14
343	1.92462645429398e-14
344	1.89355081348889e-14
345	1.86302811960515e-14
346	1.83305557888000e-14
347	1.80362520361905e-14
348	1.77473430825908e-14
349	1.74638535918642e-14
350	1.71857048484110e-14
351	1.69129211493811e-14
352	1.66454753219593e-14
353	1.63832900519349e-14
354	1.61263392551816e-14
355	1.58746466508454e-14
356	1.56280866180528e-14
357	1.53866341731894e-14
358	1.51502644101545e-14
359	1.49189038856603e-14
360	1.46924803146563e-14
361	1.44709706295332e-14
362	1.42543040051594e-14
363	1.40425058314021e-14
364	1.38354113371071e-14
365	1.36330940821100e-14
366	1.34354384943947e-14
367	1.32424241355427e-14
368	1.30539843276327e-14
369	1.28700534264974e-14
370	1.26906583484908e-14
371	1.25156429335978e-14
372	1.23450351078505e-14
373	1.21787267028652e-14
374	1.20167010805214e-14
375	1.18588524675967e-14
376	1.17051656232287e-14
377	1.15556252773798e-14
378	1.14100845597234e-14
379	1.12685738551345e-14
380	1.11310357826626e-14
381	1.09973706598338e-14
382	1.08675664514934e-14
383	1.07415683353824e-14
384	1.06192798151191e-14
385	1.05006483666055e-14
386	1.03856643147117e-14
387	1.02742760471492e-14
388	1.01663494645836e-14
389	1.00618771813030e-14
390	9.96081048637963e-15
391	9.86310139254199e-15
392	9.76862105393715e-15
393	9.67740529283445e-15
394	9.58932746669512e-15
395	9.50434357833332e-15
396	9.42241027763764e-15
397	9.34344508539647e-15
398	9.26744607791623e-15
399	9.19433241015316e-15
400	9.12406380000135e-15
401	9.05660054435638e-15
402	8.99186470264300e-15
403	8.92981825478783e-15
404	8.87042373170089e-15
405	8.81356778249761e-15
406	8.75921514002026e-15
407	8.70733104517450e-15
408	8.65784358601052e-15
409	8.61064460803582e-15
410	8.56577703816753e-15
411	8.52306017331003e-15
412	8.48253820242176e-15
413	8.44414406669995e-15
414	8.40781184674020e-15
415	8.37344034819076e-15
416	8.34107505612391e-15
417	8.31058021576134e-15
418	8.28196602606930e-15
419	8.25513525228138e-15
420	8.23009898276727e-15
421	8.20676187738330e-15
422	8.18506547720874e-15
423	8.16502237804002e-15
424	8.14654022578828e-15
425	8.12956299527713e-15
426	8.11407014960268e-15
427	8.09993829635467e-15
428	8.08721734666255e-15
429	8.07575183008290e-15
430	8.06552468133449e-15
431	8.05651907024765e-15
432	8.04865121843422e-15
433	8.04193911901659e-15
434	8.03626723650617e-15
435	8.03165459692290e-15
436	8.02805385834864e-15
437	8.02541847714968e-15
438	8.02370269471683e-15
439	8.02289405284082e-15
440	8.02291550068766e-15
441	8.02372356051908e-15
442	8.02524340004638e-15
443	8.02746537588993e-15
444	8.03031637337396e-15
445	8.03375620495487e-15
446	8.03774536446713e-15
447	8.04224501592758e-15
448	8.04727945455155e-15
449	8.05277922177938e-15
450	8.05870701878867e-15
451	8.06505700214135e-15
452	8.07182340782794e-15
453	8.07890889602088e-15
454	8.08630906438164e-15
455	8.09395900269098e-15
456	8.10182506969209e-15
457	8.10987419742850e-15
458	8.11804399362059e-15
459	8.12627314066773e-15
460	8.13461989534437e-15
461	8.14296449621196e-15
462	8.15139485961629e-15
463	8.15979265742633e-15
464	8.16824544073803e-15
465	8.17663628606876e-15
466	8.18502350195634e-15
467	8.19334940909719e-15
468	8.20155731225486e-15
469	8.20964849299663e-15
470	8.21756745115217e-15
471	8.22525963353244e-15
472	8.23272770570235e-15
473	8.23991825105178e-15
474	8.24683457789055e-15
475	8.25345216424736e-15
476	8.25977458680492e-15
477	8.26575026389772e-15
478	8.27141081695149e-15
479	8.27676003076326e-15
480	8.28172000133915e-15
481	8.28634963957285e-15
482	8.29054496707977e-15
483	8.29433812812044e-15
484	8.29768045922444e-15
485	8.30052411844039e-15
486	8.30290171343031e-15
487	8.30476602802969e-15
488	8.30609697198332e-15
489	8.30692725384679e-15
490	8.30721072863642e-15
491	8.30695404571581e-15
492	8.30616377360035e-15
493	8.30484640104782e-15
494	8.30298264318575e-15
495	8.30055355195046e-15
496	8.29756599922964e-15
497	8.29397600194488e-15
498	8.28979087761388e-15
499	8.28499267254190e-15
500	8.27956374822905e-15
501	8.27348678000137e-15
502	8.26676964588487e-15
503	8.25939534841971e-15
504	8.25137187600590e-15
505	8.24273171044200e-15
506	8.23343337584268e-15
507	8.22350926446169e-15
508	8.21294269086958e-15
509	8.20171726029671e-15
510	8.18988919282375e-15
511	8.17739378353768e-15
512	8.16428697274015e-15
513	8.15052854584881e-15
514	8.13612641290747e-15
515	8.12108839074859e-15
516	8.10542220420317e-15
517	8.08911202558833e-15
518	8.07214229923181e-15
519	8.05454430022200e-15
520	8.03627927653328e-15
521	8.01737840728350e-15
522	7.99782639433245e-15
523	7.97760820094129e-15
524	7.95677756682937e-15
525	7.93529643213654e-15
526	7.91321800707431e-15
527	7.89052698191515e-15
528	7.86723079934127e-15
529	7.84333681591217e-15
530	7.81887462908343e-15
531	7.79380669064880e-15
532	7.76818467416011e-15
533	7.74199327794265e-15
534	7.71521745240507e-15
535	7.68790812926694e-15
536	7.66002818845623e-15
537	7.63162807682935e-15
538	7.60269251360518e-15
539	7.57324964033270e-15
540	7.54326268207565e-15
541	7.51280256787696e-15
542	7.48185380733671e-15
543	7.45040115707649e-15
544	7.41849319508477e-15
545	7.38613557794006e-15
546	7.35331286000664e-15
547	7.32005176113199e-15
548	7.28635774571603e-15
549	7.25223621609849e-15
550	7.21769251332460e-15
551	7.18277323303769e-15
552	7.14744197628879e-15
553	7.11174491960553e-15
554	7.07570715487004e-15
555	7.03931270393731e-15
556	7.00256611985006e-15
557	6.96553255148186e-15
558	6.92817551163856e-15
559	6.89051925990107e-15
560	6.85256772230509e-15
561	6.81436463794605e-15
562	6.77587370366745e-15
563	6.73713829102024e-15
564	6.69818145076345e-15
565	6.65896697348037e-15
566	6.61953748309880e-15
567	6.57991550320439e-15
568	6.54008436663045e-15
569	6.50006639288875e-15
570	6.45986429153501e-15
571	6.41949997855369e-15
572	6.37899507068830e-15
573	6.33835178580390e-15
574	6.29757231602007e-15
575	6.25671574093433e-15
576	6.21574579986913e-15
577	6.17472093578369e-15
578	6.13362368932063e-15
579	6.09247426386283e-15
580	6.05129258718301e-15
581	6.01009831498435e-15
582	5.96889231663780e-15
583	5.92767545004905e-15
584	5.88648534429574e-15
585	5.84532245817382e-15
586	5.80418724329289e-15
587	5.76309834807187e-15
588	5.72209230876876e-15
589	5.68113284228123e-15
590	5.64027425080769e-15
591	5.59951622555851e-15
592	5.55885845846174e-15
593	5.51831847986331e-15
594	5.47789580326680e-15
595	5.43762538087878e-15
596	5.39750637513387e-15
597	5.35753795455382e-15
598	5.31773683459230e-15
599	5.27811950280240e-15
600	5.23868479744941e-15
601	5.19946629431463e-15
602	5.16042786447535e-15
603	5.12163735459269e-15
604	5.08305854174263e-15
605	5.04470708609812e-15
606	5.00661551573850e-15
607	4.96876484829329e-15
608	4.93118724964941e-15
609	4.89389754259340e-15
610	4.85685977271791e-15
611	4.82013926446385e-15
612	4.78369999253079e-15
613	4.74755647180583e-15
614	4.71175629812906e-15
615	4.67624692788222e-15
616	4.64109220884642e-15
617	4.60627276281413e-15
618	4.57180230054754e-15
619	4.53767797357107e-15
620	4.50391327834169e-15
621	4.47053779361620e-15
622	4.43753206392896e-15
623	4.40489303368063e-15
624	4.37264989646955e-15
625	4.34079934304681e-15
626	4.30935410231695e-15
627	4.27829481496286e-15
628	4.24766598083799e-15
629	4.21743224393681e-15
630	4.18762190576407e-15
631	4.15823138659878e-15
632	4.12925713926108e-15
633	4.10072696121634e-15
634	4.07262146659223e-15
635	4.04495261582951e-15
636	4.01773220658023e-15
637	3.99095641530514e-15
638	3.96462145313428e-15
639	3.93873892932610e-15
640	3.91330497947813e-15
641	3.88833104231313e-15
642	3.86379795985036e-15
643	3.83974749238262e-15
644	3.81613011138015e-15
645	3.79298736491498e-15
646	3.77031517616166e-15
647	3.74809451852833e-15
648	3.72633646718885e-15
649	3.70503705380401e-15
650	3.68422204288276e-15
651	3.66385765945710e-15
652	3.64395480912439e-15
653	3.62452425323597e-15
654	3.60556194111830e-15
655	3.58707848124719e-15
656	3.56904060460625e-15
657	3.55147356983533e-15
658	3.53437333660165e-15
659	3.51773590055567e-15
660	3.50155729297185e-15
661	3.48583358039364e-15
662	3.47057517984258e-15
663	3.45576382555198e-15
664	3.44140991788120e-15
665	3.42750953336252e-15
666	3.41404463898294e-15
667	3.40102560927527e-15
668	3.38846268301833e-15
669	3.37632391148845e-15
670	3.36463361865171e-15
671	3.35337402443434e-15
672	3.34254144119969e-15
673	3.33213221368717e-15
674	3.32214271869473e-15
675	3.31258313462088e-15
676	3.30343605022794e-15
677	3.29469793715911e-15
678	3.28635164951863e-15
679	3.27842105714485e-15
680	3.27088903456269e-15
681	3.26373864644191e-15
682	3.25696663439424e-15
683	3.25058321774308e-15
684	3.24458507663494e-15
685	3.23894217792872e-15
686	3.23366482474591e-15
687	3.22874989802744e-15
688	3.22419430567604e-15
689	3.21999498229670e-15
690	3.21613571084202e-15
691	3.21261359281508e-15
692	3.20942575467008e-15
693	3.20656934757334e-15
694	3.20402852043143e-15
695	3.20181357472994e-15
696	3.19988287778903e-15
697	3.19827275556675e-15
698	3.19694184348704e-15
699	3.19591344770825e-15
700	3.19515938344470e-15
701	3.19467731733879e-15
702	3.19445221017301e-15
703	3.19449457964901e-15
704	3.19480215836100e-15
705	3.19533482710108e-15
706	3.19612844208039e-15
707	3.19714313448502e-15
708	3.19837703013326e-15
709	3.19984075243520e-15
710	3.20150746015618e-15
711	3.20337543154356e-15
712	3.20545533622114e-15
713	3.20770835077243e-15
714	3.21014531184126e-15
715	3.21276465764930e-15
716	3.21554036144526e-15
717	3.21847109213300e-15
718	3.22155552979237e-15
719	3.22478022837618e-15
720	3.22814399100901e-15
721	3.23163356084016e-15
722	3.23524786112433e-15
723	3.23898582412987e-15
724	3.24283442080341e-15
725	3.24679270011925e-15
726	3.25084781456522e-15
727	3.25499892705556e-15
728	3.25924520750109e-15
729	3.26355041256721e-15
730	3.26793756553775e-15
731	3.27239420999737e-15
732	3.27689631343448e-15
733	3.28145513863890e-15
734	3.28605853174545e-15
735	3.29068285485824e-15
736	3.29535105912175e-15
737	3.30002808658029e-15
738	3.30472534065168e-15
739	3.30943112214343e-15
740	3.31413385772745e-15
741	3.31882209866936e-15
742	3.32349591648223e-15
743	3.32815538222483e-15
744	3.33277789498424e-15
745	3.33736370726578e-15
746	3.34190179456540e-15
747	3.34639249602996e-15
748	3.35082493327912e-15
749	3.35519953000140e-15
750	3.35950555137975e-15
751	3.36373237496739e-15
752	3.36786948042218e-15
753	3.37192859082089e-15
754	3.37589923237832e-15
755	3.37977104378275e-15
756	3.38353377507619e-15
757	3.38721013659665e-15
758	3.39077891693443e-15
759	3.39424091460063e-15
760	3.39758605814773e-15
761	3.40081521935747e-15
762	3.40391845640208e-15
763	3.40689671253478e-15
764	3.40972942290779e-15
765	3.41241768469363e-15
766	3.41496258659375e-15
767	3.41734387584546e-15
768	3.41957342966619e-15
769	3.42162056055529e-15
770	3.42350782066099e-15
771	3.42521530725195e-15
772	3.42673385569246e-15
773	3.42807540306805e-15
774	3.42922034323995e-15
775	3.43017017092187e-15
776	3.43093679005648e-15
777	3.43151119821961e-15
778	3.43189485629764e-15
779	3.43208921398951e-15
780	3.43208539573324e-15
781	3.43189519606446e-15
782	3.43149950836081e-15
783	3.43091013061260e-15
784	3.43010811681064e-15
785	3.42909508410649e-15
786	3.42785232253644e-15
787	3.42639171103067e-15
788	3.42470480063106e-15
789	3.42277315177886e-15
790	3.42061873521925e-15
791	3.41822318655834e-15
792	3.41559834346373e-15
793	3.41273597096622e-15
794	3.40963787519946e-15
795	3.40629591978270e-15
796	3.40272186236585e-15
797	3.39891746819970e-15
798	3.39487463482853e-15
799	3.39060500467383e-15
800	3.38610049790239e-15
801	3.38136290513849e-15
802	3.37640377932541e-15
803	3.37120537120048e-15
804	3.36577923587599e-15
805	3.36010776658910e-15
806	3.35418319518893e-15
807	3.34800747091157e-15
808	3.34158252836404e-15
809	3.33490069924126e-15
810	3.32796396019189e-15
811	3.32077427307128e-15
812	3.31335262051975e-15
813	3.30569130051766e-15
814	3.29780163293192e-15
815	3.28969483097491e-15
816	3.28137257746778e-15
817	3.27282714101331e-15
818	3.26406024829423e-15
819	3.25506425730996e-15
820	3.24583160447262e-15
821	3.23635480387957e-15
822	3.22663573429390e-15
823	3.21666699540069e-15
824	3.20645974831591e-15
825	3.19602505045409e-15
826	3.18536465843634e-15
827	3.17448949169928e-15
828	3.16340121458592e-15
829	3.15211974235849e-15
830	3.14064658300297e-15
831	3.12898323335866e-15
832	3.11712211329556e-15
833	3.10505571867991e-15
834	3.09279466570056e-15
835	3.08032246971149e-15
836	3.06763178638116e-15
837	3.05473326107582e-15
838	3.04163744138553e-15
839	3.02832803192225e-15
840	3.01484226057574e-15
841	3.00117264001342e-15
842	2.98732946088938e-15
843	2.97331408841755e-15
844	2.95915430809942e-15
845	2.94482490996108e-15
846	2.93034476713730e-15
847	2.91569758620642e-15
848	2.90089341147402e-15
849	2.88592478210183e-15
850	2.87078430999315e-15
851	2.85549067324866e-15
852	2.84003642741929e-15
853	2.82443144746385e-15
854	2.80867691348419e-15
855	2.79279975200618e-15
856	2.77678381585163e-15
857	2.76065583536967e-15
858	2.74441671892889e-15
859	2.72806736826797e-15
860	2.71160867854818e-15
861	2.69505000423351e-15
862	2.67838372241864e-15
863	2.66162756236158e-15
864	2.64477386955716e-15
865	2.62782344940894e-15
866	2.61079383826489e-15
867	2.59366901588373e-15
868	2.57645810049940e-15
869	2.55917012801125e-15
870	2.54179746933141e-15
871	2.52434911190314e-15
872	2.50683396214548e-15
873	2.48924437650165e-15
874	2.47159743034414e-15
875	2.45389364978912e-15
876	2.43614173559675e-15
877	2.41834215021760e-15
878	2.40051977669466e-15
879	2.38265865836154e-15
880	2.36477540143181e-15
881	2.34686220400269e-15
882	2.32893553834468e-15
883	2.31098757972972e-15
884	2.29301860564033e-15
885	2.27503690452207e-15
886	2.25704269531181e-15
887	2.23903619516792e-15
888	2.22103353772801e-15
889	2.20301894685074e-15
890	2.18501640503809e-15
891	2.16701805730243e-15
892	2.14903189472244e-15
893	2.13105796651244e-15
894	2.11311202667520e-15
895	2.09517834766088e-15
896	2.07728043030708e-15
897	2.05941036472280e-15
898	2.04157587675945e-15
899	2.02378462318114e-15
900	2.00603644383133e-15
901	1.98833118068888e-15
902	1.97068411011039e-15
903	1.95309497990192e-15
904	1.93556353924526e-15
905	1.91809720176427e-15
906	1.90069566867241e-15
907	1.88337390153869e-15
908	1.86612389166608e-15
909	1.84895289124403e-15
910	1.83186050859479e-15
911	1.81485391685725e-15
912	1.79794022518395e-15
913	1.78111894982542e-15
914	1.76438960992867e-15
915	1.74775172751717e-15
916	1.73121978793458e-15
917	1.71478575718176e-15
918	1.69844911738095e-15
919	1.68222421676968e-15
920	1.66611044684854e-15
921	1.65009980354137e-15
922	1.63420650031267e-15
923	1.61843725885225e-15
924	1.60277668706643e-15
925	1.58724620138326e-15
926	1.57183775336682e-15
927	1.55655796986015e-15
928	1.54141341894117e-15
929	1.52640333794338e-15
930	1.51152696887955e-15
931	1.49678355840908e-15
932	1.48218680928506e-15
933	1.46772867426023e-15
934	1.45341556261348e-15
935	1.43924664747251e-15
936	1.42522110704047e-15
937	1.41134527343132e-15
938	1.39761828921385e-15
939	1.38404642068494e-15
940	1.37062167217553e-15
941	1.35735737858590e-15
942	1.34424554003620e-15
943	1.33129233875144e-15
944	1.31849685927148e-15
945	1.30586522015586e-15
946	1.29338945903585e-15
947	1.28108267484752e-15
948	1.26893690197222e-15
949	1.25695120893533e-15
950	1.24513857927434e-15
951	1.23349106293028e-15
952	1.22200769087818e-15
953	1.21069440878378e-15
954	1.19954331736380e-15
955	1.18856722738927e-15
956	1.17775823737340e-15
957	1.16712221620651e-15
958	1.15665130353878e-15
959	1.14635135187185e-15
960	1.13622816283967e-15
961	1.12627389473308e-15
962	1.11649433334454e-15
963	1.10688844601568e-15
964	1.09745520639535e-15
965	1.08819359439655e-15
966	1.07910259615356e-15
967	1.07018791638271e-15
968	1.06144181342203e-15
969	1.05286997668220e-15
970	1.04447137558280e-15
971	1.03623832856738e-15
972	1.02817650215616e-15
973	1.02028488431411e-15
974	1.01256908546337e-15
975	1.00501485961611e-15
976	9.97627842950087e-16
977	9.90413623510212e-16
978	9.83364616914709e-16
979	9.76479847475202e-16
980	9.69764880987589e-16
981	9.63212191301368e-16
982	9.56820820414491e-16
983	9.50589816100334e-16
984	9.44524714458600e-16
985	9.38618065808906e-16
986	9.32868935138786e-16
987	9.27282836318547e-16
988	9.21852376218767e-16
989	9.16576636695839e-16
990	9.11454705114353e-16
991	9.06485674310242e-16
992	9.01675021059912e-16
993	8.97009079187146e-16
994	8.92499701978365e-16
995	8.88133285282270e-16
996	8.83915314419822e-16
997	8.79844914296311e-16
998	8.75921215038084e-16
999	8.72137062483078e-16
1000	8.68497911703493e-16
1001	8.64990381069946e-16
1002	8.61626208136132e-16
1003	8.58392079277147e-16
1004	8.55293466195103e-16
1005	8.52317151622510e-16
1006	8.49474830869646e-16
1007	8.46753345025714e-16
1008	8.44158171089125e-16
1009	8.41688575767093e-16
1010	8.39331523506202e-16
1011	8.37098644842886e-16
1012	8.34976961129643e-16
1013	8.32965828494590e-16
1014	8.31076816568786e-16
1015	8.29290938373237e-16
1016	8.27619759181649e-16
1017	8.26062614353782e-16
1018	8.24606729131258e-16
1019	8.23257563017795e-16
1020	8.22014498286050e-16
1021	8.20870899337076e-16
1022	8.19826190952973e-16
1023	8.18867805330632e-16
1024	8.18007216692466e-16
1025	8.17225935821495e-16
1026	8.16535431223577e-16
1027	8.15923275809215e-16
1028	8.15389017661898e-16
1029	8.14944064008780e-16
1030	8.14570148881182e-16
1031	8.14278673368627e-16
1032	8.14057374024172e-16
1033	8.13917611197669e-16
1034	8.13847172269535e-16
1035	8.13851517290974e-16
1036	8.13918518043719e-16
1037	8.14041976138584e-16
1038	8.14233218073654e-16
1039	8.14480223596658e-16
1040	8.14776867656311e-16
1041	8.15128656486468e-16
1042	8.15529490876922e-16
1043	8.15973317746989e-16
1044	8.16471407452443e-16
1045	8.17011950878106e-16
1046	8.17594702986203e-16
1047	8.18219420145187e-16
1048	8.18885860120789e-16
1049	8.19588077600022e-16
1050	8.20325865682529e-16
1051	8.21093335691522e-16
1052	8.21890314602148e-16
1053	8.22716630208501e-16
1054	8.23572111292054e-16
1055	8.24445308020919e-16
1056	8.25341744286471e-16
1057	8.26255665051755e-16
1058	8.27186966380081e-16
1059	8.28129947639260e-16
1060	8.29090124478829e-16
1061	8.30061818433044e-16
1062	8.31044959318163e-16
1063	8.32033922088454e-16
1064	8.33028668665895e-16
1065	8.34023626764691e-16
1066	8.35024313933480e-16
1067	8.36019665248204e-16
1068	8.37020712121815e-16
1069	8.38010937989724e-16
1070	8.39001363866842e-16
1071	8.39981038138731e-16
1072	8.40955478111404e-16
1073	8.41913803351669e-16
1074	8.42861540774145e-16
1075	8.43793312384050e-16
1076	8.44714624053954e-16
1077	8.45614705424495e-16
1078	8.46499071541973e-16
1079	8.47357021385822e-16
1080	8.48199460632492e-16
1081	8.49015727045751e-16
1082	8.49805961243305e-16
1083	8.50570303072618e-16
1084	8.51308891615627e-16
1085	8.52016532823062e-16
1086	8.52693393693301e-16
1087	8.53339640310802e-16
1088	8.53950134833778e-16
1089	8.54525070726459e-16
1090	8.55064640395228e-16
1091	8.55569035195057e-16
1092	8.56033181179090e-16
1093	8.56457296490234e-16
1094	8.56841598080840e-16
1095	8.57186301719934e-16
1096	8.57486396081239e-16
1097	8.57747339545721e-16
1098	8.57964137390162e-16
1099	8.58131831605233e-16
1100	8.58261064640814e-16
1101	8.58336509756956e-16
1102	8.58368799717595e-16
1103	8.58347851950648e-16
1104	8.58284259263047e-16
1105	8.58167973660184e-16
1106	8.57999283954490e-16
1107	8.57783600012718e-16
1108	8.57510953030774e-16
1109	8.57191863199917e-16
1110	8.56816395576456e-16
1111	8.56389944603521e-16
1112	8.55907713133807e-16
1113	8.55375074097660e-16
1114	8.54787245459435e-16
1115	8.54144529361411e-16
1116	8.53447226313189e-16
1117	8.52695635201455e-16
1118	8.51890053299681e-16
1119	8.51025762884657e-16
1120	8.50103084865768e-16
1121	8.49127333952415e-16
1122	8.48093814286748e-16
1123	8.47002841696203e-16
1124	8.45859699219452e-16
1125	8.44654752655116e-16
1126	8.43388339245155e-16
1127	8.42070679427117e-16
1128	8.40697120557220e-16
1129	8.39263043412785e-16
1130	8.37778610884603e-16
1131	8.36234284132265e-16
1132	8.34635289007057e-16
1133	8.32981924737208e-16
1134	8.31269607253052e-16
1135	8.29503531481013e-16
1136	8.27683991811324e-16
1137	8.25806425080439e-16
1138	8.23875995582237e-16
1139	8.21892992954446e-16
1140	8.19848044352084e-16
1141	8.17755953124237e-16
1142	8.15607351715555e-16
1143	8.13407353982750e-16
1144	8.11151445042108e-16
1145	8.08844718782944e-16
1146	8.06487454033241e-16
1147	8.04079928141041e-16
1148	8.01617653573238e-16
1149	7.99105684722147e-16
1150	7.96544294482907e-16
1151	7.93933754088156e-16
1152	7.91274332468059e-16
1153	7.88571019119418e-16
1154	7.85814627338518e-16
1155	7.83014857877322e-16
1156	7.80167251678589e-16
1157	7.77276760125229e-16
1158	7.74343619320262e-16
1159	7.71368064121192e-16
1160	7.68350328147226e-16
1161	7.65290643786453e-16
1162	7.62193891572073e-16
1163	7.59055636104951e-16
1164	7.55880739596579e-16
1165	7.52669405800214e-16
1166	7.49417219857653e-16
1167	7.46129016732399e-16
1168	7.42804996914502e-16
1169	7.39449953717541e-16
1170	7.36059475957353e-16
1171	7.32638339244164e-16
1172	7.29186716526919e-16
1173	7.25704779843198e-16
1174	7.22192700324461e-16
1175	7.18650648201264e-16
1176	7.15083332183675e-16
1177	7.11490897595199e-16
1178	7.07868965010541e-16
1179	7.04226733851807e-16
1180	7.00559815484092e-16
1181	6.96868352186177e-16
1182	6.93156978913101e-16
1183	6.89425813676617e-16
1184	6.85674973862063e-16
1185	6.81904576231963e-16
1186	6.78114736929605e-16
1187	6.74310027149423e-16
1188	6.70490539322442e-16
1189	6.66656365384418e-16
1190	6.62803163539690e-16
1191	6.58944324459036e-16
1192	6.55071057273520e-16
1193	6.51187863002272e-16
1194	6.47299212653422e-16
1195	6.43400754944390e-16
1196	6.39492556607989e-16
1197	6.35579065574852e-16
1198	6.31664700179385e-16
1199	6.27745115420045e-16
1200	6.23820354935179e-16
1201	6.19894814291190e-16
1202	6.15968513624874e-16
1203	6.12041472685668e-16
1204	6.08118041880292e-16
1205	6.04193895563052e-16
1206	6.00273369600577e-16
1207	5.96356461861607e-16
1208	5.92447472359984e-16
1209	5.88546377600291e-16
1210	5.84648866221135e-16
1211	5.80759217015422e-16
1212	5.76881680527235e-16
1213	5.73011945663857e-16
1214	5.69154249135364e-16
1215	5.65312799715370e-16
1216	5.61479041125290e-16
1217	5.57661428317818e-16
1218	5.53859897022802e-16
1219	5.50074383261257e-16
1220	5.46300605365221e-16
1221	5.42551153869329e-16
1222	5.38813311723142e-16
1223	5.35099628714134e-16
1224	5.31401620247114e-16
1225	5.27727591419837e-16
1226	5.24073262622725e-16
1227	5.20442721952385e-16
1228	5.16835867515440e-16
1229	5.13256754345396e-16
1230	5.09701111535202e-16
1231	5.06168838654971e-16
1232	5.02663971984391e-16
1233	4.99190521451706e-16
1234	4.95740102237945e-16
1235	4.92320848270941e-16
1236	4.88928512116521e-16
1237	4.85567079316769e-16
1238	4.82236413205459e-16
1239	4.78936377756704e-16
1240	4.75666837581579e-16
1241	4.72431734415779e-16
1242	4.69230914456874e-16
1243	4.66060161235652e-16
1244	4.62923398833218e-16
1245	4.59820475554083e-16
1246	4.56755284266545e-16
1247	4.53723617878523e-16
1248	4.50729357769635e-16
1249	4.47768311304668e-16
1250	4.44848366445303e-16
1251	4.41961313834248e-16
1252	4.39111010863601e-16
1253	4.36301289826700e-16
1254	4.33527973423878e-16
1255	4.30794882822571e-16
1256	4.28101834851927e-16
1257	4.25448647200670e-16
1258	4.22835138412591e-16
1259	4.20257167075856e-16
1260	4.17726435849546e-16
1261	4.15230883397222e-16
1262	4.12778234449447e-16
1263	4.10368293046493e-16
1264	4.07996934600900e-16
1265	4.05667906943357e-16
1266	4.03377099663438e-16
1267	4.01132160864621e-16
1268	3.98928975745017e-16
1269	3.96767353733704e-16
1270	3.94647105148857e-16
1271	3.92568041193121e-16
1272	3.90533854240507e-16
1273	3.88540464774275e-16
1274	3.86587299853662e-16
1275	3.84678038095015e-16
1276	3.82811321958409e-16
1277	3.80986957072058e-16
1278	3.79204749967605e-16
1279	3.77464508075439e-16
1280	3.75766422915860e-16
1281	3.74110301909377e-16
1282	3.72495953369742e-16
1283	3.70923186499334e-16
1284	3.69391811384567e-16
1285	3.67902019212036e-16
1286	3.66453240420114e-16
1287	3.65045666764524e-16
1288	3.63678731609947e-16
1289	3.62352249403219e-16
1290	3.61066790008408e-16
1291	3.59821412685618e-16
1292	3.58615934447629e-16
1293	3.57450173151041e-16
1294	3.56324322444075e-16
1295	3.55237077001619e-16
1296	3.54189008246030e-16
1297	3.53179190921619e-16
1298	3.52207823129014e-16
1299	3.51273985260976e-16
1300	3.50377506092920e-16
1301	3.49518215309356e-16
1302	3.48695573506707e-16
1303	3.47909044450495e-16
1304	3.47158094935063e-16
1305	3.46443300747092e-16
1306	3.45763025322779e-16
1307	3.45117479519931e-16
1308	3.44506138722526e-16
1309	3.43928481275265e-16
1310	3.43383622614725e-16
1311	3.42871779220193e-16
1312	3.42392071808746e-16
1313	3.41943990404237e-16
1314	3.41527027909859e-16
1315	3.41140680092158e-16
1316	3.40784445565142e-16
1317	3.40457825774487e-16
1318	3.40160324981838e-16
1319	3.39891450249201e-16
1320	3.39650351091193e-16
1321	3.39436901546602e-16
1322	3.39250616982105e-16
1323	3.39090298102164e-16
1324	3.38955827143793e-16
1325	3.38846371639336e-16
1326	3.38761461043423e-16
1327	3.38700627474952e-16
1328	3.38663049696790e-16
1329	3.38647911248116e-16
1330	3.38655110290016e-16
1331	3.38683836637013e-16
1332	3.38732930943568e-16
1333	3.38802654034995e-16
1334	3.38891853790237e-16
1335	3.38999737131741e-16
1336	3.39126219109321e-16
1337	3.39270161463574e-16
1338	3.39431484729138e-16
1339	3.39609059250664e-16
1340	3.39802111656186e-16
1341	3.40010571353980e-16
1342	3.40233322212076e-16
1343	3.40469950840622e-16
1344	3.40719351048059e-16
1345	3.40981464324616e-16
1346	3.41255192770354e-16
1347	3.41540136990792e-16
1348	3.41835208835640e-16
1349	3.42140361564885e-16
1350	3.42454515145022e-16
1351	3.42777284019637e-16
1352	3.43107942046485e-16
1353	3.43446796413377e-16
1354	3.43789700339275e-16
1355	3.44141422528534e-16
1356	3.44498508496539e-16
1357	3.44860933626697e-16
1358	3.45228673412452e-16
1359	3.45598303906185e-16
1360	3.45969815806780e-16
1361	3.46343199855509e-16
1362	3.46721831432358e-16
1363	3.47098927206942e-16
1364	3.47477867616641e-16
1365	3.47858643570170e-16
1366	3.48234516395913e-16
1367	3.48612226384018e-16
1368	3.48988409518963e-16
1369	3.49359721417359e-16
1370	3.49732872814988e-16
1371	3.50097833740272e-16
1372	3.50461309931265e-16
1373	3.50819976331742e-16
1374	3.51173852997110e-16
1375	3.51519638974210e-16
1376	3.51860684715970e-16
1377	3.52197009989246e-16
1378	3.52525327992464e-16
1379	3.52845672699423e-16
1380	3.53154781027444e-16
1381	3.53459285249646e-16
1382	3.53752629833108e-16
1383	3.54034862421950e-16
1384	3.54306030454952e-16
1385	3.54569454323750e-16
1386	3.54821898462662e-16
1387	3.55060146003068e-16
1388	3.55287516729346e-16
1389	3.55500802728963e-16
1390	3.55703313926623e-16
1391	3.55891851329672e-16
1392	3.56066474716002e-16
1393	3.56230479289884e-16
1394	3.56377448311892e-16
1395	3.56507454710392e-16
1396	3.56623792896988e-16
1397	3.56726521348476e-16
1398	3.56809273115866e-16
1399	3.56878549708983e-16
1400	3.56928001960376e-16
1401	3.56964112539767e-16
1402	3.56980550638140e-16
1403	3.56980590946328e-16
1404	3.56964304430897e-16
1405	3.56928581087081e-16
1406	3.56873504838139e-16
1407	3.56799159248228e-16
1408	3.56708794656517e-16
1409	3.56596155156857e-16
1410	3.56467653037818e-16
1411	3.56317049656378e-16
1412	3.56147589446518e-16
1413	3.55956209087456e-16
1414	3.55746143332280e-16
1415	3.55514337019233e-16
1416	3.55264015265433e-16
1417	3.54992131037485e-16
1418	3.54701899861173e-16
1419	3.54390282800936e-16
1420	3.54057371987307e-16
1421	3.53703259159505e-16
1422	3.53328035667277e-16
1423	3.52934893210065e-16
1424	3.52517716537561e-16
1425	3.52079700940439e-16
1426	3.51620936228729e-16
1427	3.51138428447520e-16
1428	3.50635358663191e-16
1429	3.50111815522686e-16
1430	3.49567887297951e-16
1431	3.49000595710714e-16
1432	3.48413103023895e-16
1433	3.47802438740905e-16
1434	3.47171755774524e-16
1435	3.46518091381384e-16
1436	3.45844589167249e-16
1437	3.45148294113639e-16
1438	3.44429304153723e-16
1439	3.43690748999787e-16
1440	3.42932713137395e-16
1441	3.42152256913346e-16
1442	3.41349476676312e-16
1443	3.40524468370298e-16
1444	3.39680338772751e-16
1445	3.38814163457885e-16
1446	3.37926037192826e-16
1447	3.37019053114746e-16
1448	3.36090298152447e-16
1449	3.35139865912309e-16
1450	3.34170835984563e-16
1451	3.33183288809957e-16
1452	3.32174326162226e-16
1453	3.31144039884255e-16
1454	3.30095491408206e-16
1455	3.29028759572822e-16
1456	3.27943922887271e-16
1457	3.26841059532658e-16
1458	3.25717293658984e-16
1459	3.24575664592648e-16
1460	3.23416249514679e-16
1461	3.22239125284129e-16
1462	3.21044368439554e-16
1463	3.19832055200484e-16
1464	3.18602261468890e-16
1465	3.17355062830637e-16
1466	3.16093456123492e-16
1467	3.14814586778223e-16
1468	3.13521443079444e-16
1469	3.12211177845103e-16
1470	3.10883865150592e-16
1471	3.09545382255487e-16
1472	3.08189983369658e-16
1473	3.06817741697725e-16
1474	3.05434510041111e-16
1475	3.04034565434309e-16
1476	3.02623744475480e-16
1477	3.01199217583848e-16
1478	2.99761044877906e-16
1479	2.98312156676268e-16
1480	2.96849734396224e-16
1481	2.95376700138801e-16
1482	2.93890242626990e-16
1483	2.92393275779740e-16
1484	2.90888697891213e-16
1485	2.89370849782432e-16
1486	2.87845476679618e-16
1487	2.86306934362463e-16
1488	2.84760952349768e-16
1489	2.83207565395317e-16
1490	2.81642565749574e-16
1491	2.80070241605062e-16
1492	2.78490063111781e-16
1493	2.76902348362521e-16
1494	2.75307132478220e-16
1495	2.73705012304036e-16
1496	2.72096300975300e-16
1497	2.70481590177889e-16
1498	2.68860908851032e-16
1499	2.67234844689575e-16
1500	2.65603703221271e-16
1501	2.63967788253114e-16
1502	2.62327958162676e-16
1503	2.60683954848946e-16
1504	2.59036354357747e-16
1505	2.57385729696995e-16
1506	2.55732097155453e-16
1507	2.54075749432430e-16
1508	2.52417253805893e-16
1509	2.50756898813826e-16
1510	2.49094971477848e-16
1511	2.47431757310707e-16
1512	2.45768364291863e-16
1513	2.44104523086856e-16
1514	2.42441061508840e-16
1515	2.40778529435179e-16
1516	2.39116927423332e-16
1517	2.37456801721167e-16
1518	2.35798695694830e-16
1519	2.34142605580358e-16
1520	2.32489071170053e-16
1521	2.30838357992140e-16
1522	2.29190730166847e-16
1523	2.27546450413363e-16
1524	2.25906050405922e-16
1525	2.24269789019360e-16
1526	2.22638193393504e-16
1527	2.21011249310414e-16
1528	2.19389480474682e-16
1529	2.17773407828718e-16
1530	2.16163013099030e-16
1531	2.14558813845342e-16
1532	2.12960789829512e-16
1533	2.11369722442845e-16
1534	2.09785588461632e-16
1535	2.08208631237318e-16
1536	2.06639358962317e-16
1537	2.05077479758966e-16
1538	2.03524030484550e-16
1539	2.01978982146277e-16
1540	2.00442570621765e-16
1541	1.98915030522460e-16
1542	1.97397123352627e-16
1543	1.95888551688956e-16
1544	1.94390073171393e-16
1545	1.92901389263774e-16
1546	1.91423253771483e-16
1547	1.89955891809846e-16
1548	1.88499003210949e-16
1549	1.87053336085483e-16
1550	1.85618850558098e-16
1551	1.84195767850292e-16
1552	1.82784307691501e-16
1553	1.81384948899082e-16
1554	1.79997387724198e-16
1555	1.78622100962162e-16
1556	1.77259303552779e-16
1557	1.75909209271461e-16
1558	1.74572030734931e-16
1559	1.73247979406892e-16
1560	1.71937007584260e-16
1561	1.70639325432699e-16
1562	1.69355399337176e-16
1563	1.68084922141241e-16
1564	1.66828614998011e-16
1565	1.65586169815197e-16
1566	1.64358048144098e-16
1567	1.63143941953250e-16
1568	1.61944310894224e-16
1569	1.60759357139379e-16
1570	1.59588772273050e-16
1571	1.58433267057546e-16
1572	1.57292278088370e-16
1573	1.56166259845837e-16
1574	1.55055410980188e-16
1575	1.53959675931219e-16
1576	1.52878999347337e-16
1577	1.51813831061186e-16
1578	1.50764114216924e-16
1579	1.49730044021236e-16
1580	1.48711311557520e-16
1581	1.47708363034234e-16
1582	1.46721140540802e-16
1583	1.45749586383586e-16
1584	1.44793643084984e-16
1585	1.43853253382522e-16
1586	1.42928859491385e-16
1587	1.42020153372965e-16
1588	1.41127077466953e-16
1589	1.40249823118438e-16
1590	1.39388332258550e-16
1591	1.38542547035264e-16
1592	1.37712657566698e-16
1593	1.36898358055896e-16
1594	1.36099838430787e-16
1595	1.35317040770417e-16
1596	1.34549660855412e-16
1597	1.33798134532700e-16
1598	1.33062157702828e-16
1599	1.32341427712478e-16
1600	1.31636624482308e-16
1601	1.30946954594172e-16
1602	1.30272607171429e-16
1603	1.29613525949198e-16
1604	1.28969654871625e-16
1605	1.28340938091016e-16
1606	1.27727076512118e-16
1607	1.27128258761451e-16
1608	1.26544186759146e-16
1609	1.25974806384927e-16
1610	1.25420063719050e-16
1611	1.24879905041475e-16
1612	1.24354276831043e-16
1613	1.23842884417621e-16
1614	1.23345675572000e-16
1615	1.22862598258079e-16
1616	1.22393600632064e-16
1617	1.21938390886851e-16
1618	1.21496918450909e-16
1619	1.21068893377320e-16
1620	1.20654266353813e-16
1621	1.20252988249959e-16
1622	1.19864771439466e-16
1623	1.19489568035170e-16
1624	1.19127092236637e-16
1625	1.18777297387260e-16
1626	1.18440137002111e-16
1627	1.18115090341865e-16
1628	1.17802349931721e-16
1629	1.17501634035728e-16
1630	1.17212662244290e-16
1631	1.16935391519109e-16
1632	1.16669543218003e-16
1633	1.16414840010385e-16
1634	1.16171476241809e-16
1635	1.15938940564310e-16
1636	1.15716958688802e-16
1637	1.15505726265933e-16
1638	1.15304735829165e-16
1639	1.15113949845285e-16
1640	1.14933097450345e-16
1641	1.14761909054630e-16
1642	1.14600349236733e-16
1643	1.14448150088190e-16
1644	1.14305277294383e-16
1645	1.14171232563249e-16
1646	1.14045983520968e-16
1647	1.13929266423537e-16
1648	1.13820818767647e-16
1649	1.13720610212399e-16
1650	1.13628149232379e-16
1651	1.13543407478382e-16
1652	1.13466357086105e-16
1653	1.13396280953356e-16
1654	1.13333613078835e-16
1655	1.13277639051910e-16
1656	1.13228105838176e-16
1657	1.13185219001926e-16
1658	1.13148497804691e-16
1659	1.13117920101020e-16
1660	1.13093008069554e-16
1661	1.13073741369505e-16
1662	1.13059645073497e-16
1663	1.13050927683039e-16
1664	1.13047116323598e-16
1665	1.13047966879773e-16
1666	1.13053236386488e-16
1667	1.13062908992509e-16
1668	1.13076743205654e-16
1669	1.13094273244046e-16
1670	1.13115485853416e-16
1671	1.13140142938593e-16
1672	1.13168007527136e-16
1673	1.13198843764333e-16
1674	1.13232640991570e-16
1675	1.13268940956499e-16
1676	1.13307734678248e-16
1677	1.13348789925507e-16
1678	1.13392098579478e-16
1679	1.13436984297052e-16
1680	1.13483441402597e-16
1681	1.13531686462324e-16
1682	1.13580825219019e-16
1683	1.13631076125451e-16
1684	1.13682213731998e-16
1685	1.13734013654093e-16
1686	1.13786252567490e-16
1687	1.13838708203562e-16
1688	1.13891379727456e-16
1689	1.13944046185328e-16
1690	1.13996267806058e-16
1691	1.14048046101448e-16
1692	1.14099382578021e-16
1693	1.14149621486792e-16
1694	1.14199204300155e-16
1695	1.14247259011496e-16
1696	1.14294227583371e-16
1697	1.14339677693896e-16
1698	1.14383179061355e-16
1699	1.14424956052859e-16
1700	1.14464797421497e-16
1701	1.14502492971727e-16
1702	1.14537833708347e-16
1703	1.14570828196202e-16
1704	1.14601268704847e-16
1705	1.14629164498930e-16
1706	1.14654093293792e-16
1707	1.14676065804284e-16
1708	1.14694877453936e-16
1709	1.14710754638704e-16
1710	1.14723063707825e-16
1711	1.14732031981178e-16
1712	1.14737242984703e-16
1713	1.14738710199810e-16
1714	1.14736447060361e-16
1715	1.14730253452568e-16
1716	1.14720143461821e-16
1717	1.14705705117227e-16
1718	1.14686953892102e-16
1719	1.14664117713490e-16
1720	1.14636574421730e-16
1721	1.14604764837310e-16
1722	1.14568280678834e-16
1723	1.14526927099588e-16
1724	1.14481144008235e-16
1725	1.14430314130047e-16
1726	1.14374455432788e-16
1727	1.14313796365774e-16
1728	1.14247933438790e-16
1729	1.14176885162289e-16
1730	1.14100669982030e-16
1731	1.14019096706526e-16
1732	1.13932184378479e-16
1733	1.13839742884636e-16
1734	1.13741791858111e-16
1735	1.13638142255714e-16
1736	1.13529231029843e-16
1737	1.13414660632710e-16
1738	1.13294451143318e-16
1739	1.13168622570797e-16
1740	1.13037194854672e-16
1741	1.12900187865131e-16
1742	1.12757414468108e-16
1743	1.12608895107847e-16
1744	1.12454443696635e-16
1745	1.12294493695438e-16
1746	1.12128446661714e-16
1747	1.11956529924184e-16
1748	1.11778969795687e-16
1749	1.11595170447348e-16
1750	1.11405769083010e-16
1751	1.11210375945418e-16
1752	1.11009216795124e-16
1753	1.10802312033393e-16
1754	1.10589477876803e-16
1755	1.10370735283277e-16
1756	1.10146308787995e-16
1757	1.09916015091448e-16
1758	1.09679874936479e-16
1759	1.09437908994393e-16
1760	1.09190340590470e-16
1761	1.08936987068275e-16
1762	1.08677868887286e-16
1763	1.08413208472613e-16
1764	1.08142823649100e-16
1765	1.07867137824034e-16
1766	1.07585968458386e-16
1767	1.07299334982146e-16
1768	1.07007457653771e-16
1769	1.06710355088844e-16
1770	1.06408045838930e-16
1771	1.06100548391821e-16
1772	1.05787881171777e-16
1773	1.05470262303899e-16
1774	1.05147509871796e-16
1775	1.04820040740395e-16
1776	1.04487473557368e-16
1777	1.04150224168441e-16
1778	1.03808309283667e-16
1779	1.03461547136439e-16
1780	1.03110351383734e-16
1781	1.02754539921685e-16
1782	1.02394326984183e-16
1783	1.02029728331566e-16
1784	1.01660956979077e-16
1785	1.01287830828302e-16
1786	1.00910759214007e-16
1787	1.00529756361405e-16
1788	1.00144640019524e-16
1789	9.97558173903618e-17
1790	9.93633018948363e-17
1791	9.89669111377455e-17
1792	9.85670502065595e-17
1793	9.81637317294281e-17
1794	9.77567731751096e-17
1795	9.73465775345785e-17
1796	9.69329619727402e-17
1797	9.65163278759079e-17
1798	9.60964921108485e-17
1799	9.56738544692466e-17
1800	9.52482315253851e-17
1801	9.48200214367852e-17
1802	9.43892336317666e-17
1803	9.39558774570052e-17
1804	9.35201551867347e-17
1805	9.30822682086333e-17
1806	9.26422244950263e-17
1807	9.22000319909142e-17
1808	9.17558907209359e-17
1809	9.13098079389305e-17
1810	9.08619825564948e-17
1811	9.04124211430319e-17
1812	8.99613215051986e-17
1813	8.95086895346249e-17
1814	8.90547219410619e-17
1815	8.85996145732764e-17
1816	8.81433720041167e-17
1817	8.76861889994488e-17
1818	8.72280694728094e-17
1819	8.67692071150148e-17
1820	8.63096051867258e-17
1821	8.58494563114949e-17
1822	8.53889522702431e-17
1823	8.49279060860386e-17
1824	8.44665091073796e-17
1825	8.40051403919119e-17
1826	8.35436123213650e-17
1827	8.30821143645823e-17
1828	8.26208351622473e-17
1829	8.21599625302767e-17
1830	8.16993084293822e-17
1831	8.12394348887358e-17
1832	8.07801530525201e-17
1833	8.03216486934790e-17
1834	7.98639200722733e-17
1835	7.94071519510611e-17
1836	7.89515282846150e-17
1837	7.84968600417614e-17
1838	7.80435166752250e-17
1839	7.75913089685446e-17
1840	7.71406049771100e-17
1841	7.66914005870385e-17
1842	7.62436916969888e-17
1843	7.57978439812549e-17
1844	7.53536674798120e-17
1845	7.49113420114400e-17
1846	7.44710466101794e-17
1847	7.40329595285236e-17
1848	7.35967065923482e-17
1849	7.31628336576213e-17
1850	7.27311502727490e-17
1851	7.23018333610359e-17
1852	7.18750590178196e-17
1853	7.14506367722091e-17
1854	7.10289250503280e-17
1855	7.06099157292679e-17
1856	7.01937830130726e-17
1857	6.97803361359928e-17
1858	6.93699308709567e-17
1859	6.89623763104374e-17
1860	6.85582084304560e-17
1861	6.81568729540533e-17
1862	6.77589047450695e-17
1863	6.73642935588530e-17
1864	6.69730291830736e-17
1865	6.65851014376085e-17
1866	6.62005001744278e-17
1867	6.58195755977351e-17
1868	6.54423164666208e-17
1869	6.50685318007807e-17
1870	6.46985701720027e-17
1871	6.43324198688895e-17
1872	6.39698900177077e-17
1873	6.36113275706021e-17
1874	6.32565415357702e-17
1875	6.29058776016828e-17
1876	6.25591446622267e-17
1877	6.22165089035163e-17
1878	6.18779577343830e-17
1879	6.15434786033193e-17
1880	6.12130589983395e-17
1881	6.08870414248496e-17
1882	6.05652350178996e-17
1883	6.02476268203861e-17
1884	5.99342039159668e-17
1885	5.96251301656509e-17
1886	5.93205687216411e-17
1887	5.90201529429951e-17
1888	5.87242224289904e-17
1889	5.84325873598044e-17
1890	5.81454103098058e-17
1891	5.78626775342735e-17
1892	5.75845507633568e-17
1893	5.73108405362633e-17
1894	5.70415332381486e-17
1895	5.67767901737140e-17
1896	5.65165972602413e-17
1897	5.62609404591588e-17
1898	5.60098057758863e-17
1899	5.57631792596819e-17
1900	5.55212209613863e-17
1901	5.52835688821044e-17
1902	5.50505567521798e-17
1903	5.48219966188917e-17
1904	5.45980477593537e-17
1905	5.43785226750963e-17
1906	5.41635803683652e-17
1907	5.39530337931701e-17
1908	5.37468691748417e-17
1909	5.35454174258167e-17
1910	5.33483194924637e-17
1911	5.31555617310439e-17
1912	5.29673023223366e-17
1913	5.27833555672546e-17
1914	5.26037079507753e-17
1915	5.24285172442891e-17
1916	5.22575984158732e-17
1917	5.20909380778790e-17
1918	5.19285228845414e-17
1919	5.17705100629609e-17
1920	5.16165451109030e-17
1921	5.14667855163311e-17
1922	5.13212180995636e-17
1923	5.11796598994687e-17
1924	5.10424376402084e-17
1925	5.09090293258154e-17
1926	5.07795922898602e-17
1927	5.06542832007581e-17
1928	5.05327512348938e-17
1929	5.04151533138034e-17
1930	5.03014771034562e-17
1931	5.01915418894772e-17
1932	5.00851676928025e-17
1933	4.99826794784053e-17
1934	4.98837292690994e-17
1935	4.97884736832439e-17
1936	4.96967335806701e-17
1937	4.96084979261516e-17
1938	4.95237557187655e-17
1939	4.94423289595245e-17
1940	4.93642072320866e-17
1941	4.92893801524650e-17
1942	4.92178373689161e-17
1943	4.91495685618295e-17
1944	4.90842310949067e-17
1945	4.90219817407547e-17
1946	4.89628107854887e-17
1947	4.89065428825587e-17
1948	4.88531688882141e-17
1949	4.88025143639973e-17
1950	4.87545707311792e-17
1951	4.87094944845118e-17
1952	4.86669472727980e-17
1953	4.86269214769166e-17
1954	4.85894095009798e-17
1955	4.85544037722545e-17
1956	4.85217325989052e-17
1957	4.84913889572616e-17
1958	4.84633658450325e-17
1959	4.84374926412746e-17
1960	4.84137628869208e-17
1961	4.83921701425353e-17
1962	4.83723817081660e-17
1963	4.83547181280429e-17
1964	4.83388474036379e-17
1965	4.83246015231923e-17
1966	4.83123005838221e-17
1967	4.83016141287199e-17
1968	4.82923751847453e-17
1969	4.82849033991353e-17
1970	4.82787080269004e-17
1971	4.82739469242656e-17
1972	4.82706158133650e-17
1973	4.82683877763074e-17
1974	4.82674207043331e-17
1975	4.82677108460726e-17
1976	4.82689327872443e-17
1977	4.82710837748100e-17
1978	4.82741610640039e-17
1979	4.82780015683347e-17
1980	4.82827632332447e-17
1981	4.82881232850056e-17
1982	4.82942398443635e-17
1983	4.83009509848818e-17
1984	4.83080954304191e-17
1985	4.83158313172932e-17
1986	4.83238384781703e-17
1987	4.83322752174211e-17
1988	4.83409813983553e-17
1989	4.83497975267456e-17
1990	4.83588819136083e-17
1991	4.83680753870800e-17
1992	4.83772194134102e-17
1993	4.83861560945623e-17
1994	4.83952020072961e-17
1995	4.84038835156827e-17
1996	4.84125170351933e-17
1997	4.84207878231496e-17
1998	4.84285397121454e-17
1999	4.84360886351682e-17
2000	4.84429642580002e-17
2001	4.84494823439388e-17
2002	4.84553306304783e-17
2003	4.84605111613643e-17
2004	4.84650259741880e-17
2005	4.84688771004071e-17
2006	4.84719105017851e-17
2007	4.84739727557601e-17
2008	4.84752225590019e-17
2009	4.84755067835356e-17
2010	4.84748283561639e-17
2011	4.84730349062276e-17
2012	4.84701298058687e-17
2013	4.84659614367886e-17
2014	4.84606884389735e-17
2015	4.84541594807736e-17
2016	4.84462238340239e-17
2017	4.84371944710311e-17
2018	4.84266120606485e-17
2019	4.84147893981358e-17
2020	4.84014224117335e-17
2021	4.83866695047295e-17
2022	4.83705348544232e-17
2023	4.83527157210119e-17
2024	4.83333704670535e-17
2025	4.83125036852764e-17
2026	4.82898139580908e-17
2027	4.82654596036920e-17
2028	4.82394456245932e-17
2029	4.82116244621058e-17
2030	4.81820015397166e-17
2031	4.81507345109373e-17
2032	4.81175241250920e-17
2033	4.80823762068578e-17
2034	4.80454483611082e-17
2035	4.80065942823615e-17
2036	4.79658197443314e-17
2037	4.79229791528569e-17
2038	4.78782298952054e-17
2039	4.78314266392296e-17
2040	4.77825755339995e-17
2041	4.77315319521453e-17
2042	4.76784530598773e-17
2043	4.76233449512647e-17
2044	4.75660633862227e-17
2045	4.75067650329160e-17
2046	4.74453059084543e-17
2047	4.73815425981532e-17
2048	4.73157814425509e-17
2049	4.72478788424229e-17
2050	4.71778412021200e-17
2051	4.71055256378919e-17
2052	4.70310882135812e-17
2053	4.69543864116047e-17
2054	4.68754271316560e-17
2055	4.67942172530126e-17
2056	4.67109122016417e-17
2057	4.66252215377317e-17
2058	4.65374490698295e-17
2059	4.64473048952754e-17
2060	4.63550922056992e-17
2061	4.62605216341745e-17
2062	4.61638957573536e-17
2063	4.60649257426292e-17
2064	4.59637661357421e-17
2065	4.58605708905917e-17
2066	4.57550519734080e-17
2067	4.56473634414704e-17
2068	4.55376587628967e-17
2069	4.54256506995986e-17
2070	4.53116393875491e-17
2071	4.51954845406104e-17
2072	4.50770464196254e-17
2073	4.49566242531701e-17
2074	4.48340781223737e-17
2075	4.47095603718758e-17
2076	4.45827856086005e-17
2077	4.44540518584645e-17
2078	4.43232196908982e-17
2079	4.41904408146501e-17
2080	4.40557212019095e-17
2081	4.39190668073096e-17
2082	4.37804835679840e-17
2083	4.36399774036234e-17
2084	4.34975542165321e-17
2085	4.33535088195971e-17
2086	4.32074132733228e-17
2087	4.30595622186558e-17
2088	4.29101051246030e-17
2089	4.27587591587216e-17
2090	4.26056738962727e-17
2091	4.24508547094275e-17
2092	4.22943069545899e-17
2093	4.21361793344184e-17
2094	4.19764767633518e-17
2095	4.18150610529443e-17
2096	4.16522234021601e-17
2097	4.14878254571480e-17
2098	4.13218720748655e-17
2099	4.11545106417506e-17
2100	4.09856031711788e-17
2101	4.08152967206676e-17
2102	4.06435955356233e-17
2103	4.04705038192212e-17
2104	4.02960257624416e-17
2105	4.01203072765935e-17
2106	3.99432105268290e-17
2107	3.97650225955638e-17
2108	3.95854641621364e-17
2109	3.94049629453270e-17
2110	3.92232397380862e-17
2111	3.90405801060658e-17
2112	3.88568461527812e-17
2113	3.86721818291972e-17
2114	3.84864494876003e-17
2115	3.82999331903046e-17
2116	3.81124951398165e-17
2117	3.79242783224693e-17
2118	3.77351451905101e-17
2119	3.75453783161800e-17
2120	3.73547002707522e-17
2121	3.71635326866076e-17
2122	3.69715982538059e-17
2123	3.67790387277638e-17
2124	3.65861345409830e-17
2125	3.63924696835981e-17
2126	3.61984633932330e-17
2127	3.60039780678754e-17
2128	3.58091539954506e-17
2129	3.56139923824824e-17
2130	3.54183560061331e-17
2131	3.52225230469812e-17
2132	3.50263561449186e-17
2133	3.48299945287136e-17
2134	3.46334389989129e-17
2135	3.44368281318514e-17
2136	3.42401623362754e-17
2137	3.40433044989831e-17
2138	3.38465301956695e-17
2139	3.36498394451907e-17
2140	3.34532322661137e-17
2141	3.32567086767173e-17
2142	3.30604055744373e-17
2143	3.28641858421646e-17
2144	3.26683227463577e-17
2145	3.24726790437945e-17
2146	3.22772543714794e-17
2147	3.20821846099940e-17
2148	3.18874690175134e-17
2149	3.16932428434312e-17
2150	3.14993691073287e-17
2151	3.13059828051728e-17
2152	3.11130828002193e-17
2153	3.09208034384513e-17
2154	3.07290078480133e-17
2155	3.05379653633994e-17
2156	3.03474038870550e-17
2157	3.01575922592007e-17
2158	2.99685286072295e-17
2159	2.97800763306968e-17
2160	2.95925031573743e-17
2161	2.94056723719162e-17
2162	2.92197164809269e-17
2163	2.90346332641487e-17
2164	2.88504205072870e-17
2165	2.86670760019928e-17
2166	2.84847314094455e-17
2167	2.83033841626611e-17
2168	2.81230317015720e-17
2169	2.79436714730058e-17
2170	2.77654343013278e-17
2171	2.75881840308120e-17
2172	2.74121843797848e-17
2173	2.72372990853879e-17
2174	2.70636581436717e-17
2175	2.68912583116245e-17
2176	2.67200963549997e-17
2177	2.65501690482894e-17
2178	2.63814731746976e-17
2179	2.62141377975737e-17
2180	2.60481593535840e-17
2181	2.58834022599918e-17
2182	2.57201271517378e-17
2183	2.55581983441383e-17
2184	2.53977439788730e-17
2185	2.52386286329083e-17
2186	2.50809802266648e-17
2187	2.49249262094888e-17
2188	2.47702000039054e-17
2189	2.46170602661833e-17
2190	2.44655028121514e-17
2191	2.43153926420785e-17
2192	2.41668566598661e-17
2193	2.40198907146716e-17
2194	2.38743601974416e-17
2195	2.37305220373692e-17
2196	2.35883717606542e-17
2197	2.34477747921447e-17
2198	2.33087270371757e-17
2199	2.31713542890319e-17
2200	2.30356521210398e-17
2201	2.29016161043879e-17
2202	2.27692417659747e-17
2203	2.26385246307698e-17
2204	2.25095895243125e-17
2205	2.23823024729342e-17
2206	2.22566590383714e-17
2207	2.21327837316516e-17
2208	2.20105429677748e-17
2209	2.18900610488623e-17
2210	2.17713332357325e-17
2211	2.16542263307628e-17
2212	2.15388643238598e-17
2213	2.14252425137275e-17
2214	2.13133562117802e-17
2215	2.12030727343194e-17
2216	2.10946435491129e-17
2217	2.09879358820575e-17
2218	2.08829450950273e-17
2219	2.07795390156100e-17
2220	2.06779682391528e-17
2221	2.05781005031613e-17
2222	2.04799312193667e-17
2223	2.03835829001867e-17
2224	2.02887966911901e-17
2225	2.01958221038121e-17
2226	2.01044007651247e-17
2227	2.00147817547139e-17
2228	1.99268336984467e-17
2229	1.98404256891361e-17
2230	1.97558061606223e-17
2231	1.96728441164391e-17
2232	1.95915350908294e-17
2233	1.95117486771978e-17
2234	1.94337324521578e-17
2235	1.93572301925796e-17
2236	1.92824890480703e-17
2237	1.92092532694951e-17
2238	1.91376441897160e-17
2239	1.90675321469624e-17
2240	1.89991634395763e-17
2241	1.89321582065383e-17
2242	1.88667626568983e-17
2243	1.88029724536623e-17
2244	1.87406585501448e-17
2245	1.86798169657408e-17
2246	1.86204437305071e-17
2247	1.85625348851308e-17
2248	1.85060864808973e-17
2249	1.84510945796596e-17
2250	1.83975552538064e-17
2251	1.83454645978887e-17
2252	1.82946949265164e-17
2253	1.82452427427808e-17
2254	1.81972281764049e-17
2255	1.81504004047474e-17
2256	1.81050030840697e-17
2257	1.80609091375389e-17
2258	1.80181151148437e-17
2259	1.79764945039736e-17
2260	1.79361671614678e-17
2261	1.78971296639510e-17
2262	1.78592558524281e-17
2263	1.78224200106744e-17
2264	1.77868644476840e-17
2265	1.77524633550873e-17
2266	1.77192136773124e-17
2267	1.76869901629056e-17
2268	1.76557900955870e-17
2269	1.76257327549337e-17
2270	1.75966932354700e-17
2271	1.75686688428242e-17
2272	1.75416568897426e-17
2273	1.75156546960686e-17
2274	1.74905381357891e-17
2275	1.74663048630541e-17
2276	1.74430737778283e-17
2277	1.74205999609347e-17
2278	1.73990024312503e-17
2279	1.73782788675812e-17
2280	1.73584269548522e-17
2281	1.73393236752867e-17
2282	1.73209670432315e-17
2283	1.73032345808152e-17
2284	1.72863654132024e-17
2285	1.72701166806814e-17
2286	1.72546069154718e-17
2287	1.72397140811084e-17
2288	1.72254365374382e-17
2289	1.72117726486254e-17
2290	1.71987207831393e-17
2291	1.71861596561750e-17
2292	1.71742075110758e-17
2293	1.71627432797734e-17
2294	1.71517656597077e-17
2295	1.71412733517461e-17
2296	1.71311459230830e-17
2297	1.71215014258764e-17
2298	1.71122196409596e-17
2299	1.71034184190901e-17
2300	1.70948590310131e-17
2301	1.70866594567051e-17
2302	1.70788188313825e-17
2303	1.70710994848648e-17
2304	1.70638561278691e-17
2305	1.70567329877553e-17
2306	1.70498479496230e-17
2307	1.70432004857578e-17
2308	1.70366721680200e-17
2309	1.70302627775141e-17
2310	1.70240897935256e-17
2311	1.70180350968173e-17
2312	1.70119809761619e-17
2313	1.70060449123066e-17
2314	1.70002266887919e-17
2315	1.69944088997059e-17
2316	1.69885916330248e-17
2317	1.69827749764203e-17
2318	1.69769590172605e-17
2319	1.69710270565162e-17
2320	1.69650961683144e-17
2321	1.69590498537720e-17
2322	1.69528884997869e-17
2323	1.69467288765179e-17
2324	1.69403384999267e-17
2325	1.69338342382760e-17
2326	1.69271003898043e-17
2327	1.69202536198991e-17
2328	1.69131784236209e-17
2329	1.69059912640144e-17
2330	1.68984611462332e-17
2331	1.68907046291584e-17
2332	1.68827223848139e-17
2333	1.68745150834188e-17
2334	1.68659681032624e-17
2335	1.68570824070927e-17
2336	1.68478589551085e-17
2337	1.68384136993560e-17
2338	1.68285175078527e-17
2339	1.68182864260374e-17
2340	1.68077214039862e-17
2341	1.67967087874300e-17
2342	1.67853643189101e-17
2343	1.67735745343034e-17
2344	1.67613406660294e-17
2345	1.67486639432761e-17
2346	1.67356597059685e-17
2347	1.67221008517418e-17
2348	1.67081028114299e-17
2349	1.66935529786604e-17
2350	1.66785665829900e-17
2351	1.66631448232812e-17
2352	1.66471753196481e-17
2353	1.66306595004759e-17
2354	1.66135987904829e-17
2355	1.65961078543325e-17
2356	1.65779615261480e-17
2357	1.65593876110655e-17
2358	1.65401613203125e-17
2359	1.65205100679078e-17
2360	1.65002094412469e-17
2361	1.64793737953650e-17
2362	1.64578919524972e-17
2363	1.64358780688285e-17
2364	1.64132211494525e-17
2365	1.63900351522329e-17
2366	1.63663214579693e-17
2367	1.63418572468718e-17
2368	1.63168684682942e-17
2369	1.62913564917510e-17
2370	1.62650990533069e-17
2371	1.62383215225499e-17
2372	1.62109136312712e-17
2373	1.61829885489454e-17
2374	1.61543247494688e-17
2375	1.61251468327923e-17
2376	1.60953448912746e-17
2377	1.60648093881139e-17
2378	1.60337643483812e-17
2379	1.60021001334669e-17
2380	1.59699292292649e-17
2381	1.59370313919118e-17
2382	1.59035191923430e-17
2383	1.58693942266887e-17
2384	1.58346580870214e-17
2385	1.57994227745804e-17
2386	1.57634689544212e-17
2387	1.57269087123536e-17
2388	1.56898537603591e-17
2389	1.56521953500414e-17
2390	1.56138250979023e-17
2391	1.55749645638338e-17
2392	1.55356150324037e-17
2393	1.54955584321970e-17
2394	1.54550157603280e-17
2395	1.54138787976095e-17
2396	1.53722584909303e-17
2397	1.53300467968984e-17
2398	1.52872452529899e-17
2399	1.52439645213368e-17
2400	1.52000968212875e-17
