# n_s=0.965 As=2.0979000000000004e-09
# ell  Cl_TT_muK2
0	0.00000000000000e+00
1	0.00000000000000e+00
2	1.43935347321975e-10
3	6.81587281576718e-11
4	3.87002112045346e-11
5	2.47092398795321e-11
6	1.71183321599631e-11
7	1.25861546207039e-11
8	9.67164519256436e-12
9	7.69353362722228e-12
10	6.28890141639694e-12
11	5.25204036669468e-12
12	4.47117440099396e-12
13	3.86192926826801e-12
14	3.37729046750821e-12
15	2.98206452192264e-12
16	2.66092107674006e-12
17	2.39649398686033e-12
18	2.17367269088335e-12
19	1.98583723445837e-12
20	1.82292876819944e-12
21	1.68186400375426e-12
22	1.55892339418334e-12
23	1.45051755876316e-12
24	1.35483849893907e-12
25	1.27012388800564e-12
26	1.19416409457426e-12
27	1.12621263093962e-12
28	1.06499626969631e-12
29	1.00955834015294e-12
30	9.59351374871548e-13
31	9.13213610373516e-13
32	8.71336336528447e-13
33	8.32818797118931e-13
34	7.97282997212537e-13
35	7.64800899108231e-13
36	7.34461177294450e-13
37	7.06382407867146e-13
38	6.80403125613021e-13
39	6.56262949915393e-13
40	6.33745316607920e-13
41	6.12659553062285e-13
42	5.92882167777773e-13
43	5.74307368233753e-13
44	5.56856106533163e-13
45	5.40462181438200e-13
46	5.25026010361334e-13
47	5.10464912260924e-13
48	4.96701565200752e-13
49	4.83671861813537e-13
50	4.71340172615211e-13
51	4.59674196530637e-13
52	4.48609202247739e-13
53	4.38081751884943e-13
54	4.28050015533861e-13
55	4.18480124650804e-13
56	4.09371898375496e-13
57	4.00720813031907e-13
58	3.92485803176228e-13
59	3.84619079660260e-13
60	3.77093207038819e-13
61	3.69889283613847e-13
62	3.62989498197698e-13
63	3.56379971311069e-13
64	3.50044633634921e-13
65	3.43972945570368e-13
66	3.38157117606521e-13
67	3.32578954568294e-13
68	3.27218467027457e-13
69	3.22056058723475e-13
70	3.17076344295319e-13
71	3.12266489532692e-13
72	3.07636469008831e-13
73	3.03194875011938e-13
74	2.98933145012238e-13
75	2.94842118798245e-13
76	2.90906501629792e-13
77	2.87100691823501e-13
78	2.83416411151187e-13
79	2.79853916136931e-13
80	2.76410304033063e-13
81	2.73083081150738e-13
82	2.69868365228313e-13
83	2.66758266924491e-13
84	2.63748090330713e-13
85	2.60832545095341e-13
86	2.58007137096946e-13
87	2.55264545671830e-13
88	2.52599221348675e-13
89	2.50009121543294e-13
90	2.47491502849779e-13
91	2.45044465440647e-13
92	2.42665289514875e-13
93	2.40352791267226e-13
94	2.38103684577548e-13
95	2.35916936272521e-13
96	2.33789492476773e-13
97	2.31719130862583e-13
98	2.29704382950524e-13
99	2.27741289888269e-13
100	2.25829250808041e-13
101	2.23965822101534e-13
102	2.22149289698029e-13
103	2.20376843811644e-13
104	2.18646987967561e-13
105	2.16957726572846e-13
106	2.15307168176891e-13
107	2.13693519282390e-13
108	2.12114544832435e-13
109	2.10569707485841e-13
110	2.09056930770466e-13
111	2.07574747682014e-13
112	2.06122216715668e-13
113	2.04697935278930e-13
114	2.03300571209423e-13
115	2.01928858806167e-13
116	2.00582058064276e-13
117	1.99259001747175e-13
118	1.97958132342407e-13
119	1.96678856216324e-13
120	1.95420167921230e-13
121	1.94181110387293e-13
122	1.92960353617913e-13
123	1.91757461893835e-13
124	1.90571607846712e-13
125	1.89401604095655e-13
126	1.88247110578764e-13
127	1.87107023757803e-13
128	1.85980677781411e-13
129	1.84867812132965e-13
130	1.83767434626819e-13
131	1.82678615449810e-13
132	1.81601591545125e-13
133	1.80535178968827e-13
134	1.79479298099838e-13
135	1.78433182622321e-13
136	1.77396778636805e-13
137	1.76369364493822e-13
138	1.75350581558624e-13
139	1.74339763269354e-13
140	1.73337230527718e-13
141	1.72342026126632e-13
142	1.71353860362774e-13
143	1.70372760484345e-13
144	1.69397845434494e-13
145	1.68429168818215e-13
146	1.67465606830670e-13
147	1.66506959379522e-13
148	1.65552749406560e-13
149	1.64602522657999e-13
150	1.63655846595496e-13
151	1.62712028135001e-13
152	1.61771459789874e-13
153	1.60833704948149e-13
154	1.59898874349145e-13
155	1.58966811806452e-13
156	1.58037880740078e-13
157	1.57111411658095e-13
158	1.56187767685458e-13
159	1.55266551687898e-13
160	1.54347628860951e-13
161	1.53430388137671e-13
162	1.52514723290742e-13
163	1.51600532519572e-13
164	1.50687253871361e-13
165	1.49775040020716e-13
166	1.48863582634094e-13
167	1.47952811556642e-13
168	1.47042659634726e-13
169	1.46133062588222e-13
170	1.45223958888678e-13
171	1.44315076016452e-13
172	1.43406787325771e-13
173	1.42498613997799e-13
174	1.41590511557096e-13
175	1.40682641504406e-13
176	1.39774758254600e-13
177	1.38866840955797e-13
178	1.37958676041953e-13
179	1.37050449469237e-13
180	1.36142146211904e-13
181	1.35233561192357e-13
182	1.34324875626272e-13
183	1.33416076351092e-13
184	1.32506966226485e-13
185	1.31597721826237e-13
186	1.30688150987941e-13
187	1.29778427218122e-13
188	1.28868539957619e-13
189	1.27958304172624e-13
190	1.27047888909898e-13
191	1.26137284951952e-13
192	1.25226313962307e-13
193	1.24314972830192e-13
194	1.23403590868918e-13
195	1.22491990880992e-13
196	1.21580328329909e-13
197	1.20668752464891e-13
198	1.19757406554239e-13
199	1.18845954502458e-13
200	1.17934855013052e-13
201	1.17023928285584e-13
202	1.16113149316835e-13
203	1.15202189246907e-13
204	1.14291332981266e-13
205	1.13380110488168e-13
206	1.12468806608841e-13
207	1.11557257539533e-13
208	1.10645450303031e-13
209	1.09734088271331e-13
210	1.08822997414515e-13
211	1.07912431539024e-13
212	1.07002773990571e-13
213	1.06094117958856e-13
214	1.05186689490450e-13
215	1.04280570704195e-13
216	1.03375572277506e-13
217	1.02471777143290e-13
218	1.01569264923339e-13
219	1.00667981633754e-13
220	9.97678749281647e-14
221	9.88691501784329e-14
222	9.79716243506634e-14
223	9.70754979692758e-14
224	9.61809641434748e-14
225	9.52880852533552e-14
226	9.43967986336106e-14
227	9.35072862342754e-14
228	9.26196029432255e-14
229	9.17339206284028e-14
230	9.08501682713024e-14
231	8.99685113364967e-14
232	8.90891091789361e-14
233	8.82118847617787e-14
234	8.73368774391795e-14
235	8.64643513444487e-14
236	8.55941118747514e-14
237	8.47265274013828e-14
238	8.38615116428536e-14
239	8.29991997172715e-14
240	8.21396130941159e-14
241	8.12827719768061e-14
242	8.04289090394817e-14
243	7.95780368315568e-14
244	7.87301668948409e-14
245	7.78855183015882e-14
246	7.70441990291786e-14
247	7.62061077956535e-14
248	7.53715529208937e-14
249	7.45404284974563e-14
250	7.37129317084881e-14
251	7.28889550344557e-14
252	7.20685916278100e-14
253	7.12518334870375e-14
254	7.04388662075130e-14
255	6.96294839229239e-14
256	6.88238684868182e-14
257	6.80221007046320e-14
258	6.72243522381163e-14
259	6.64306954760747e-14
260	6.56413850585650e-14
261	6.48563914815013e-14
262	6.40759589359820e-14
263	6.33001424791216e-14
264	6.25289947235947e-14
265	6.17624767780721e-14
266	6.10006385958309e-14
267	6.02436156705276e-14
268	5.94913643771070e-14
269	5.87438415875264e-14
270	5.80010905353984e-14
271	5.72633228922844e-14
272	5.65304048950416e-14
273	5.58026258743527e-14
274	5.50798490383372e-14
275	5.43621890948554e-14
276	5.36498388384645e-14
277	5.29427399379472e-14
278	5.22409159217302e-14
279	5.15444692692589e-14
280	5.08534987379074e-14
281	5.01679408869029e-14
282	4.94878907069132e-14
283	4.88134397046685e-14
284	4.81445207463507e-14
285	4.74812219213734e-14
286	4.68235515072740e-14
287	4.61716687678918e-14
288	4.55255012768422e-14
289	4.48850527464234e-14
290	4.42504748824767e-14
291	4.36217665384998e-14
292	4.29988523364335e-14
293	4.23818040113871e-14
294	4.17706905514308e-14
295	4.11654343622601e-14
296	4.05661020721513e-14
297	3.99726157432875e-14
298	3.93851102756434e-14
299	3.88035760964746e-14
300	3.82280030926629e-14
301	3.76584496585155e-14
302	3.70949714967590e-14
303	3.65375537561876e-14
304	3.59862489540184e-14
305	3.54411074552446e-14
306	3.49020437642286e-14
307	3.43691731718884e-14
308	3.38424751794024e-14
309	3.33219290411160e-14
310	3.28074486052210e-14
311	3.22992081831037e-14
312	3.17970551856404e-14
313	3.13010958701315e-14
314	3.08113060082027e-14
315	3.03275981159649e-14
316	2.98500743501644e-14
317	2.93787089146103e-14
318	2.89135378671894e-14
319	2.84544725372390e-14
320	2.80014869083949e-14
321	2.75547372662738e-14
322	2.71140128536294e-14
323	2.66794676351197e-14
324	2.62509527519867e-14
325	2.58285595118123e-14
326	2.54121994877441e-14
327	2.50019028871841e-14
328	2.45976402870189e-14
329	2.41993823072466e-14
330	2.38071571375847e-14
331	2.34208772807817e-14
332	2.30405703520140e-14
333	2.26661496789862e-14
334	2.22976423286455e-14
335	2.19350740959552e-14
336	2.15783585578896e-14
337	2.12274658723964e-14
338	2.08823662887169e-14
339	2.05430846630255e-14
340	2.02095904753424e-14
341	1.98817994444566e-14
342	1.95596822252172e-14
343	1.92432095748972e-14
344	1.89322994129277e-14
345	1.86269236253384e-14
346	1.83270541903579e-14
347	1.80326111483455e-14
348	1.77435675623915e-14
349	1.74599480164737e-14
350	1.71816737164732e-14
351	1.69087688753688e-14
352	1.66412062098401e-14
353	1.63789082903322e-14
354	1.61218489195628e-14
355	1.58700517056667e-14
356	1.56233909188626e-14
357	1.53818414686893e-14
358	1.51453783442205e-14
359	1.49139279993242e-14
360	1.46874180480483e-14
361	1.44658253237865e-14
362	1.42490789042782e-14
363	1.40372040840922e-14
364	1.38300359985722e-14
365	1.36276481158125e-14
366	1.34299247737823e-14
367	1.32368454457424e-14
368	1.30483433671111e-14
369	1.28643528086902e-14
370	1.26849006034001e-14
371	1.25098305093593e-14
372	1.23391703722704e-14
373	1.21728119449281e-14
374	1.20107385118690e-14
375	1.18528442239787e-14
376	1.16991137659262e-14
377	1.15495317946011e-14
378	1.14039513679743e-14
379	1.12624028005615e-14
380	1.11248286423719e-14
381	1.09911291431850e-14
382	1.08612922013685e-14
383	1.07352629294314e-14
384	1.06129447669823e-14
385	1.04942851271125e-14
386	1.03792742730581e-14
387	1.02678605320520e-14
388	1.01599097454141e-14
389	1.00554144691988e-14
390	9.95432593533704e-15
391	9.85659610048657e-15
392	9.76209606377559e-15
393	9.67086159348653e-15
394	9.58276599410671e-15
395	9.49776521647069e-15
396	9.41581585946348e-15
397	9.33683539382794e-15
398	9.26082184676543e-15
399	9.18769432505038e-15
400	9.11741249930140e-15
401	9.04993662337124e-15
402	8.98518872775420e-15
403	8.92313076728525e-15
404	8.86372524823693e-15
405	8.80685879553308e-15
406	8.75249611826239e-15
407	8.70060243400716e-15
408	8.65110580791664e-15
409	8.60389806301242e-15
410	8.55902210413330e-15
411	8.51629720650568e-15
412	8.47576753780328e-15
413	8.43736601832494e-15
414	8.40102670814730e-15
415	8.36664839277242e-15
416	8.33427653749258e-15
417	8.30377536810924e-15
418	8.27515506452181e-15
419	8.24831837324425e-15
420	8.22327636426775e-15
421	8.19993367940528e-15
422	8.17823184202200e-15
423	8.15818343052379e-15
424	8.13969607374911e-15
425	8.12271372976122e-15
426	8.10721584520277e-15
427	8.09307901151162e-15
428	8.08035312396166e-15
429	8.06888269654508e-15
430	8.05865064870243e-15
431	8.04964013526700e-15
432	8.04176736312990e-15
433	8.03505031096435e-15
434	8.02937342909949e-15
435	8.02475572963525e-15
436	8.02114985699124e-15
437	8.01850925412483e-15
438	8.01678814926691e-15
439	8.01597407129300e-15
440	8.01598995669441e-15
441	8.01679231529458e-15
442	8.01830630259889e-15
443	8.02052226325016e-15
444	8.02336707081959e-15
445	8.02680052623122e-15
446	8.03078311200407e-15
447	8.03527598105273e-15
448	8.04030341769991e-15
449	8.04579595269937e-15
450	8.05171627674464e-15
451	8.05805854024874e-15
452	8.06481698964696e-15
453	8.07189429948647e-15
454	8.07928608156449e-15
455	8.08692743956234e-15
456	8.09478474589244e-15
457	8.10282494603990e-15
458	8.11098566094269e-15
459	8.11920558599739e-15
460	8.12754299075881e-15
461	8.13587812635540e-15
462	8.14429892148997e-15
463	8.15268706018188e-15
464	8.16113010547419e-15
465	8.16951114563131e-15
466	8.17788850074121e-15
467	8.18620450285670e-15
468	8.19440246790706e-15
469	8.20248368843766e-15
470	8.21039267507154e-15
471	8.21807488523137e-15
472	8.22553299491481e-15
473	8.23271359776851e-15
474	8.23962001218577e-15
475	8.24622772610824e-15
476	8.25254032596376e-15
477	8.25850623966669e-15
478	8.26415709806008e-15
479	8.26949669519821e-15
480	8.27444713618690e-15
481	8.27906734086450e-15
482	8.28325333963841e-15
483	8.28703728541092e-15
484	8.29037052320544e-15
485	8.29320521941886e-15
486	8.29557398991812e-15
487	8.29742962660257e-15
488	8.29875204714195e-15
489	8.29957396788007e-15
490	8.29984925148690e-15
491	8.29958455484713e-15
492	8.29878645386684e-15
493	8.29746144456602e-15
494	8.29559024920800e-15
495	8.29315392674040e-15
496	8.29015935593968e-15
497	8.28656256049549e-15
498	8.28237086457484e-15
499	8.27756632101530e-15
500	8.27213129773413e-15
501	8.26604847641607e-15
502	8.25932574155213e-15
503	8.25194610208762e-15
504	8.24391755271440e-15
505	8.23527258141125e-15
506	8.22596971836311e-15
507	8.21604136178581e-15
508	8.20547083210535e-15
509	8.19424174030266e-15
510	8.18241031210560e-15
511	8.16991184814657e-15
512	8.15680229417248e-15
513	8.14304144094749e-15
514	8.12863720376483e-15
515	8.11359740461061e-15
516	8.09792977337530e-15
517	8.08161848734264e-15
518	8.06464799571565e-15
519	8.04704957836795e-15
520	8.02878448797057e-15
521	8.00988390825067e-15
522	7.99033254559144e-15
523	7.97011536769272e-15
524	7.94928611862923e-15
525	7.92780674281404e-15
526	7.90573045465103e-15
527	7.88304194852538e-15
528	7.85974867115359e-15
529	7.83585798305220e-15
530	7.81139948555773e-15
531	7.78633563426996e-15
532	7.76071810647294e-15
533	7.73453160415148e-15
534	7.70776108130218e-15
535	7.68045747316205e-15
536	7.65258366310707e-15
537	7.62419010137321e-15
538	7.59526151049161e-15
539	7.56582603525711e-15
540	7.53584690391400e-15
541	7.50539504862135e-15
542	7.47445498203202e-15
543	7.44301146375792e-15
544	7.41111307471633e-15
545	7.37876547435401e-15
546	7.34595321984381e-15
547	7.31270303378303e-15
548	7.27902038326350e-15
549	7.24491067325985e-15
550	7.21037924739607e-15
551	7.17547270164701e-15
552	7.14015462863652e-15
553	7.10447119439273e-15
554	7.06844748043207e-15
555	7.03206749837590e-15
556	6.99533579116374e-15
557	6.95831749769461e-15
558	6.92097612092691e-15
559	6.88333591071952e-15
560	6.84540078350987e-15
561	6.80721446891740e-15
562	6.76874065443024e-15
563	6.73002270236313e-15
564	6.69108365435646e-15
565	6.65188729199098e-15
566	6.61247623030657e-15
567	6.57287298411413e-15
568	6.53306087758392e-15
569	6.49306222167498e-15
570	6.45287971749919e-15
571	6.41253527270469e-15
572	6.37205049580485e-15
573	6.33142759653939e-15
574	6.29066875900605e-15
575	6.24983305488271e-15
576	6.20888421567304e-15
577	6.16788067661716e-15
578	6.12680497073693e-15
579	6.08567729389161e-15
580	6.04451756642625e-15
581	6.00334543671105e-15
582	5.96216176687751e-15
583	5.92096740768424e-15
584	5.87979998115300e-15
585	5.83865993911391e-15
586	5.79754772629970e-15
587	5.75648198434023e-15
588	5.71549924279122e-15
589	5.67456321193367e-15
590	5.63372818743393e-15
591	5.59299385405386e-15
592	5.55235989735548e-15
593	5.51184384140023e-15
594	5.47144519348760e-15
595	5.43119889969960e-15
596	5.39110411642476e-15
597	5.35116000621627e-15
598	5.31138327863584e-15
599	5.27179041542016e-15
600	5.23238024909287e-15
601	5.19318634875080e-15
602	5.15417257482041e-15
603	5.11540676244104e-15
604	5.07685267731759e-15
605	5.03852596840062e-15
606	5.00045915269402e-15
607	4.96263323689700e-15
608	4.92508037610943e-15
609	4.88781538247245e-15
610	4.85080229107306e-15
611	4.81410641598468e-15
612	4.77769172167581e-15
613	4.74157271293720e-15
614	4.70579697564570e-15
615	4.67031195635130e-15
616	4.63518149313320e-15
617	4.60038619821026e-15
618	4.56593977289777e-15
619	4.53183935939840e-15
620	4.49809844497105e-15
621	4.46474659929655e-15
622	4.43176435795397e-15
623	4.39914865650786e-15
624	4.36692867983820e-15
625	4.33510111009401e-15
626	4.30367866769267e-15
627	4.27264198494341e-15
628	4.24203555343817e-15
629	4.21182400902067e-15
630	4.18203564515434e-15
631	4.15266687418499e-15
632	4.12371414110638e-15
633	4.09520523566298e-15
634	4.06712076436584e-15
635	4.03947268014207e-15
636	4.01227277323182e-15
637	3.98551721278445e-15
638	3.95920220271795e-15
639	3.93333934517681e-15
640	3.90792476874154e-15
641	3.88296990521369e-15
642	3.85845558978588e-15
643	3.83442357601781e-15
644	3.81082432873895e-15
645	3.78769938947185e-15
646	3.76504467493174e-15
647	3.74284115215653e-15
648	3.72109989003787e-15
649	3.69981691404131e-15
650	3.67901798256652e-15
651	3.65866931569331e-15
652	3.63878181841337e-15
653	3.61936625255560e-15
654	3.60041856792841e-15
655	3.58194937349380e-15
656	3.56392540072576e-15
657	3.54637190875858e-15
658	3.52928485775795e-15
659	3.51266024387669e-15
660	3.49649409889551e-15
661	3.48078248986781e-15
662	3.46553583432879e-15
663	3.45073586702901e-15
664	3.43639298884859e-15
665	3.42250327684404e-15
666	3.40904869852994e-15
667	3.39603962897000e-15
668	3.38348630747712e-15
669	3.37135678586489e-15
670	3.35967538863974e-15
671	3.34842433627124e-15
672	3.33759994166903e-15
673	3.32719855012169e-15
674	3.31721653897913e-15
675	3.30766408719459e-15
676	3.29852378408777e-15
677	3.28979210186189e-15
678	3.28145189518373e-15
679	3.27352703445671e-15
680	3.26600039477321e-15
681	3.25885504137285e-15
682	3.25208771643949e-15
683	3.24570863987096e-15
684	3.23971449239036e-15
685	3.23407524143533e-15
686	3.22880119070820e-15
687	3.22388922173272e-15
688	3.21933624299646e-15
689	3.21513918969114e-15
690	3.21128184535798e-15
691	3.20776131209049e-15
692	3.20457471693507e-15
693	3.20171921165193e-15
694	3.19917894574322e-15
695	3.19696422129173e-15
696	3.19503340621638e-15
697	3.19342282707552e-15
698	3.19209111989484e-15
699	3.19106159143590e-15
700	3.19030605751759e-15
701	3.18982218693900e-15
702	3.18959494880843e-15
703	3.18963487060874e-15
704	3.18993969461233e-15
705	3.19046931118742e-15
706	3.19125958602029e-15
707	3.19227065967224e-15
708	3.19350066723788e-15
709	3.19496024130574e-15
710	3.19662254972271e-15
711	3.19848587972185e-15
712	3.20056090981776e-15
713	3.20280882539084e-15
714	3.20524047178885e-15
715	3.20785429584544e-15
716	3.21062427933023e-15
717	3.21354909957786e-15
718	3.21662744500980e-15
719	3.21984587783216e-15
720	3.22320320933551e-15
721	3.22668619074860e-15
722	3.23029375332001e-15
723	3.23402483722724e-15
724	3.23786642124222e-15
725	3.24181756208152e-15
726	3.24586541989309e-15
727	3.25000916516999e-15
728	3.25424797532132e-15
729	3.25854561443112e-15
730	3.26292511312295e-15
731	3.26737402224318e-15
732	3.27186831646460e-15
733	3.27641926568495e-15
734	3.28101472307122e-15
735	3.28563105768475e-15
736	3.29029122755305e-15
737	3.29496018153002e-15
738	3.29964932977036e-15
739	3.30434697974646e-15
740	3.30904156472390e-15
741	3.31372164249142e-15
742	3.31838729101540e-15
743	3.32303858773879e-15
744	3.32765293806443e-15
745	3.33223060074568e-15
746	3.33676055745944e-15
747	3.34124315346719e-15
748	3.34566751643745e-15
749	3.35003407604256e-15
750	3.35433210338488e-15
751	3.35855098221402e-15
752	3.36268019967689e-15
753	3.36673148659771e-15
754	3.37069437685549e-15
755	3.37455851672024e-15
756	3.37831366373404e-15
757	3.38198253565418e-15
758	3.38554392841020e-15
759	3.38899864777324e-15
760	3.39233662947735e-15
761	3.39555875240818e-15
762	3.39865508176502e-15
763	3.40162656775198e-15
764	3.40445265239685e-15
765	3.40713443967305e-15
766	3.40967302500905e-15
767	3.41204816229607e-15
768	3.41427173533296e-15
769	3.41631306312882e-15
770	3.41819470427061e-15
771	3.41989676239539e-15
772	3.42141007916628e-15
773	3.42274659789871e-15
774	3.42388671861553e-15
775	3.42483194212453e-15
776	3.42559417839552e-15
777	3.42616443096526e-15
778	3.42654416661545e-15
779	3.42673484087537e-15
780	3.42672758394910e-15
781	3.42653419607463e-15
782	3.42613557626889e-15
783	3.42554352809907e-15
784	3.42473911107099e-15
785	3.42372394779006e-15
786	3.42247933368573e-15
787	3.42101715302135e-15
788	3.41932896211253e-15
789	3.41739632661537e-15
790	3.41524122243162e-15
791	3.41284529026626e-15
792	3.41022037282859e-15
793	3.40735824013453e-15
794	3.40426070324679e-15
795	3.40091963065822e-15
796	3.39734678483731e-15
797	3.39354393579910e-15
798	3.38950298579814e-15
799	3.38523558191289e-15
800	3.38073364891424e-15
801	3.37599898100784e-15
802	3.37104313080421e-15
803	3.36584834773915e-15
804	3.36042618562983e-15
805	3.35475903642471e-15
806	3.34883913069051e-15
807	3.34266841638729e-15
808	3.33624882685229e-15
809	3.32957269251688e-15
810	3.32264198877238e-15
811	3.31545867622295e-15
812	3.30804373626384e-15
813	3.30038946563645e-15
814	3.29250718297473e-15
815	3.28440810026416e-15
816	3.27609389910494e-15
817	3.26755684688483e-15
818	3.25879866907747e-15
819	3.24981172247902e-15
820	3.24058844230420e-15
821	3.23112134145875e-15
822	3.22141229751991e-15
823	3.21145390899261e-15
824	3.20125733581840e-15
825	3.19083363424302e-15
826	3.18018455972442e-15
827	3.16932103054165e-15
828	3.15824470988570e-15
829	3.14697551187230e-15
830	3.13551494334644e-15
831	3.12386450001186e-15
832	3.11201660060842e-15
833	3.09996373987766e-15
834	3.08771653288902e-15
835	3.07525849388245e-15
836	3.06258227741765e-15
837	3.04969852775738e-15
838	3.03661779139346e-15
839	3.02332377184476e-15
840	3.00985369591321e-15
841	2.99620007518344e-15
842	2.98237319923194e-15
843	2.96837443220006e-15
844	2.95423155852181e-15
845	2.93991936716080e-15
846	2.92545673019431e-15
847	2.91082735314813e-15
848	2.89604127928027e-15
849	2.88109104670977e-15
850	2.86596926630210e-15
851	2.85069461405139e-15
852	2.83525963913262e-15
853	2.81967420911498e-15
854	2.80393949677513e-15
855	2.78808242137768e-15
856	2.77208682854645e-15
857	2.75597944149544e-15
858	2.73976116152034e-15
859	2.72343288334867e-15
860	2.70699549519173e-15
861	2.69045834462425e-15
862	2.67381380191181e-15
863	2.65707958954297e-15
864	2.64024804630227e-15
865	2.62331997094159e-15
866	2.60631289321545e-15
867	2.58921078634668e-15
868	2.57202276209058e-15
869	2.55475784992448e-15
870	2.53740841439475e-15
871	2.51998343663458e-15
872	2.50249181680820e-15
873	2.48492590515883e-15
874	2.46730277091328e-15
875	2.44962293409589e-15
876	2.43189508942843e-15
877	2.41411969337604e-15
878	2.39632162304881e-15
879	2.37848491589948e-15
880	2.36062617231246e-15
881	2.34273758460695e-15
882	2.32483561932624e-15
883	2.30691244606541e-15
884	2.28896833668002e-15
885	2.27101157403819e-15
886	2.25304237154847e-15
887	2.23506094088955e-15
888	2.21708341026765e-15
889	2.19909399815791e-15
890	2.18111668172626e-15
891	2.16314360069608e-15
892	2.14518274090378e-15
893	2.12723414636764e-15
894	2.10931356594035e-15
895	2.09140526696746e-15
896	2.07353274522714e-15
897	2.05568808581370e-15
898	2.03787900960829e-15
899	2.02011316844873e-15
900	2.00239039729590e-15
901	1.98471053308359e-15
902	1.96708884634695e-15
903	1.94952507891738e-15
904	1.93201897405507e-15
905	1.91457793951487e-15
906	1.89720167069337e-15
907	1.87990512339445e-15
908	1.86268028320729e-15
909	1.84553439665836e-15
910	1.82846706645743e-15
911	1.81148546018094e-15
912	1.79459668146858e-15
913	1.77780024110728e-15
914	1.76109565282925e-15
915	1.74448243329155e-15
916	1.72797506251947e-15
917	1.71156550124307e-15
918	1.69525322636105e-15
919	1.67905258093421e-15
920	1.66296295133288e-15
921	1.64697632839666e-15
922	1.63110692055155e-15
923	1.61536144449414e-15
924	1.59972450318246e-15
925	1.58421750814086e-15
926	1.56883240607394e-15
927	1.55357581900908e-15
928	1.53845431025202e-15
929	1.52346711240720e-15
930	1.50861346280115e-15
931	1.49389260344942e-15
932	1.47931823250330e-15
933	1.46488229815553e-15
934	1.45059120516635e-15
935	1.43644412218587e-15
936	1.42244022298037e-15
937	1.40858583526733e-15
938	1.39488009725913e-15
939	1.38132927093595e-15
940	1.36792535635145e-15
941	1.35468168416770e-15
942	1.34159025030545e-15
943	1.32865723282871e-15
944	1.31588171215453e-15
945	1.30326980275743e-15
946	1.29081353822121e-15
947	1.27852601347167e-15
948	1.26639925891681e-15
949	1.25443233914529e-15
950	1.24263823379420e-15
951	1.23100898958171e-15
952	1.21954363685125e-15
953	1.20824812128440e-15
954	1.19711454361694e-15
955	1.18615571464214e-15
956	1.17536373289853e-15
957	1.16474446730491e-15
958	1.15429005754296e-15
959	1.14400635614886e-15
960	1.13389916479410e-15
961	1.12396064181003e-15
962	1.11419657303257e-15
963	1.10460592584967e-15
964	1.09518767395943e-15
965	1.08594079732689e-15
966	1.07686428214122e-15
967	1.06796383317642e-15
968	1.05923170883089e-15
969	1.05067359857848e-15
970	1.04228847190457e-15
971	1.03406864732122e-15
972	1.02601979141976e-15
973	1.01814089223889e-15
974	1.01043756027706e-15
975	1.00289554962530e-15
976	9.95520496542751e-16
977	9.88317989158196e-16
978	9.81280443176206e-16
979	9.74406882997193e-16
980	9.67702874508253e-16
981	9.61160891652474e-16
982	9.54779976523757e-16
983	9.48559176993767e-16
984	9.42504029262803e-16
985	9.36607083753362e-16
986	9.30867405558120e-16
987	9.25290508654759e-16
988	9.19869000023443e-16
989	9.14601961632336e-16
990	9.09488480959958e-16
991	9.04527650958312e-16
992	8.99724948521986e-16
993	8.95066707595033e-16
994	8.90564781586211e-16
995	8.86205566468605e-16
996	8.81994547689573e-16
997	8.77930850282803e-16
998	8.74013604505016e-16
999	8.70235656326472e-16
1000	8.66602460953627e-16
1001	8.63100637599229e-16
1002	8.59741927473598e-16
1003	8.56513021285432e-16
1004	8.53419395038854e-16
1005	8.50447835737028e-16
1006	8.47610042929751e-16
1007	8.44892861914832e-16
1008	8.42301773868606e-16
1009	8.39836049645744e-16
1010	8.37482657810039e-16
1011	8.35253232985111e-16
1012	8.33134800580829e-16
1013	8.31126720753083e-16
1014	8.29240567131323e-16
1015	8.27457356705770e-16
1016	8.25788658690382e-16
1017	8.24233812356415e-16
1018	8.22780046828438e-16
1019	8.21432825464767e-16
1020	8.20191534364520e-16
1021	8.19049541727264e-16
1022	8.18006276105878e-16
1023	8.17049173440487e-16
1024	8.16189711669390e-16
1025	8.15409405264348e-16
1026	8.14719726392998e-16
1027	8.14108251600862e-16
1028	8.13574532579871e-16
1029	8.13129980139242e-16
1030	8.12756331866160e-16
1031	8.12464992380002e-16
1032	8.12243701737856e-16
1033	8.12103823767962e-16
1034	8.12033149303673e-16
1035	8.12037141823842e-16
1036	8.12103676512762e-16
1037	8.12226558358880e-16
1038	8.12417117213177e-16
1039	8.12663336151702e-16
1040	8.12959093427105e-16
1041	8.13309898552950e-16
1042	8.13709655574689e-16
1043	8.14152314643421e-16
1044	8.14649149322988e-16
1045	8.15188353682741e-16
1046	8.15769685846055e-16
1047	8.16392905319321e-16
1048	8.17057772983160e-16
1049	8.17758346616590e-16
1050	8.18494422388535e-16
1051	8.19260114820490e-16
1052	8.20055254667441e-16
1053	8.20879673626329e-16
1054	8.21733204352542e-16
1055	8.22604400859382e-16
1056	8.23498790854884e-16
1057	8.24410623090433e-16
1058	8.25339797389552e-16
1059	8.26280616852338e-16
1060	8.27238600832883e-16
1061	8.28208074542461e-16
1062	8.29188971447009e-16
1063	8.30175670123320e-16
1064	8.31168136088938e-16
1065	8.32160800626863e-16
1066	8.33159184827943e-16
1067	8.34152227283937e-16
1068	8.35150962897398e-16
1069	8.36138878567309e-16
1070	8.37126998746312e-16
1071	8.38104375232027e-16
1072	8.39076528717042e-16
1073	8.40032582129434e-16
1074	8.40978065719955e-16
1075	8.41907604805004e-16
1076	8.42826708543546e-16
1077	8.43724609838009e-16
1078	8.44606826972042e-16
1079	8.45462662138163e-16
1080	8.46303024201808e-16
1081	8.47117254091800e-16
1082	8.47905495567133e-16
1083	8.48667891592966e-16
1084	8.49404584345494e-16
1085	8.50110382846432e-16
1086	8.50785457142033e-16
1087	8.51429976341685e-16
1088	8.52038805605736e-16
1089	8.52612141377921e-16
1090	8.53150179021651e-16
1091	8.53653112826609e-16
1092	8.54115871758484e-16
1093	8.54538676850718e-16
1094	8.54921747924338e-16
1095	8.55265303595336e-16
1096	8.55564335362848e-16
1097	8.55824304411840e-16
1098	8.56040218801839e-16
1099	8.56207123285142e-16
1100	8.56335663052291e-16
1101	8.56410513703256e-16
1102	8.56442308807037e-16
1103	8.56420966211268e-16
1104	8.56357079138577e-16
1105	8.56240600006061e-16
1106	8.56071818033901e-16
1107	8.55856143492665e-16
1108	8.55583607978174e-16
1109	8.55264732077729e-16
1110	8.54889581239836e-16
1111	8.54463550296002e-16
1112	8.53981842483516e-16
1113	8.53449831113550e-16
1114	8.52862734527559e-16
1115	8.52220855241209e-16
1116	8.51524494133813e-16
1117	8.50773950458115e-16
1118	8.49969521850021e-16
1119	8.49106490945155e-16
1120	8.48185179008163e-16
1121	8.47210901100161e-16
1122	8.46178961711496e-16
1123	8.45089677014301e-16
1124	8.43948330388480e-16
1125	8.42745287970442e-16
1126	8.41480887336514e-16
1127	8.40165349255218e-16
1128	8.38794021410380e-16
1129	8.37362284903581e-16
1130	8.35880302946554e-16
1131	8.34338537016536e-16
1132	8.32742213279188e-16
1133	8.31091631273867e-16
1134	8.29382207238810e-16
1135	8.27619136405143e-16
1136	8.25802713464627e-16
1137	8.23928375552088e-16
1138	8.22001287256647e-16
1139	8.20021738508165e-16
1140	8.17980356750712e-16
1141	8.15891945619358e-16
1142	8.13747137841701e-16
1143	8.11551047554380e-16
1144	8.09299160150616e-16
1145	8.06996569793680e-16
1146	8.04643555582562e-16
1147	8.02240395133379e-16
1148	7.99782601178193e-16
1149	7.97275228371593e-16
1150	7.94718549868132e-16
1151	7.92112836722820e-16
1152	7.89458355954627e-16
1153	7.86760094728683e-16
1154	7.84008864024727e-16
1155	7.81214362293206e-16
1156	7.78372128190301e-16
1157	7.75487110827184e-16
1158	7.72559544049887e-16
1159	7.69589660473576e-16
1160	7.66577691489687e-16
1161	7.63523867273001e-16
1162	7.60433066157795e-16
1163	7.57300850560292e-16
1164	7.54132080521543e-16
1165	7.50926957638469e-16
1166	7.47681064910549e-16
1167	7.44399235172902e-16
1168	7.41081666801030e-16
1169	7.37733151007727e-16
1170	7.34349274521703e-16
1171	7.30934810879649e-16
1172	7.27489930970469e-16
1173	7.24014804785111e-16
1174	7.20509601421732e-16
1175	7.16974489090834e-16
1176	7.13414174495586e-16
1177	7.09828800965676e-16
1178	7.06213987094985e-16
1179	7.02578930337714e-16
1180	6.98919240103884e-16
1181	6.95235056729958e-16
1182	6.91531013241327e-16
1183	6.87807225732694e-16
1184	6.84063809684861e-16
1185	6.80300879968255e-16
1186	6.76518550846425e-16
1187	6.72721391646349e-16
1188	6.68909492943801e-16
1189	6.65082944831417e-16
1190	6.61237403682471e-16
1191	6.57386258348651e-16
1192	6.53520716153839e-16
1193	6.49645276321811e-16
1194	6.45764408077100e-16
1195	6.41873758365211e-16
1196	6.37973392158654e-16
1197	6.34067755639297e-16
1198	6.30161265404247e-16
1199	6.26249574726057e-16
1200	6.22332725528497e-16
1201	6.18415111579049e-16
1202	6.14496750845672e-16
1203	6.10577660827972e-16
1204	6.06662189697664e-16
1205	6.02746009588786e-16
1206	5.98833454162340e-16
1207	5.94924519095995e-16
1208	5.91023502226984e-16
1209	5.87130377897652e-16
1210	5.83240832598657e-16
1211	5.79359142989147e-16
1212	5.75489557493558e-16
1213	5.71627762913546e-16
1214	5.67777993867494e-16
1215	5.63944457051171e-16
1216	5.60118594121912e-16
1217	5.56308857982003e-16
1218	5.52515182324485e-16
1219	5.48737501147068e-16
1220	5.44971530771916e-16
1221	5.41229859737131e-16
1222	5.37499769009004e-16
1223	5.33793806404916e-16
1224	5.30103485372683e-16
1225	5.26437109066085e-16
1226	5.22790395944504e-16
1227	5.19167432186370e-16
1228	5.15568113992904e-16
1229	5.11996494504912e-16
1230	5.08448300935265e-16
1231	5.04923430986544e-16
1232	5.01425919083372e-16
1233	4.97959773311320e-16
1234	4.94516607021061e-16
1235	4.91104552322309e-16
1236	4.87719359974939e-16
1237	4.84365013727175e-16
1238	4.81041375130944e-16
1239	4.77748306390460e-16
1240	4.74485670358762e-16
1241	4.71257407025312e-16
1242	4.68063360853171e-16
1243	4.64899313650270e-16
1244	4.61769187786440e-16
1245	4.58672829866430e-16
1246	4.55614131070215e-16
1247	4.52588882628767e-16
1248	4.49600964256055e-16
1249	4.46646181662450e-16
1250	4.43732421166387e-16
1251	4.40851472013602e-16
1252	4.38007191147998e-16
1253	4.35203410652626e-16
1254	4.32435953019495e-16
1255	4.29708639209664e-16
1256	4.27021285847839e-16
1257	4.24373710420226e-16
1258	4.21765731270005e-16
1259	4.19193206786629e-16
1260	4.16667839432351e-16
1261	4.14177567675775e-16
1262	4.11730116054367e-16
1263	4.09325288417149e-16
1264	4.06958959987247e-16
1265	4.04634878407759e-16
1266	4.02348933082478e-16
1267	4.00108771930900e-16
1268	3.97910279968943e-16
1269	3.95753266445266e-16
1270	3.93637541499389e-16
1271	3.91562916157053e-16
1272	3.89533082617109e-16
1273	3.87543961189382e-16
1274	3.85594978761393e-16
1275	3.83689813779481e-16
1276	3.81827108535405e-16
1277	3.80006668490750e-16
1278	3.78228300012201e-16
1279	3.76491810366850e-16
1280	3.74797390913352e-16
1281	3.73144848912211e-16
1282	3.71533992518804e-16
1283	3.69964630778750e-16
1284	3.68436573623314e-16
1285	3.66950012085538e-16
1286	3.65504376451827e-16
1287	3.64099858327514e-16
1288	3.62735890928456e-16
1289	3.61412288554218e-16
1290	3.60129620923142e-16
1291	3.58886947151146e-16
1292	3.57684084108342e-16
1293	3.56520849510181e-16
1294	3.55397436865238e-16
1295	3.54312540710250e-16
1296	3.53266732330908e-16
1297	3.52259086336332e-16
1298	3.51289800693425e-16
1299	3.50357955662677e-16
1300	3.49463379888681e-16
1301	3.48605903202516e-16
1302	3.47784987449045e-16
1303	3.47000097910310e-16
1304	3.46250702888501e-16
1305	3.45537379669517e-16
1306	3.44858493180194e-16
1307	3.44214255760450e-16
1308	3.43604144267888e-16
1309	3.43027638512399e-16
1310	3.42483855387363e-16
1311	3.41973012820526e-16
1312	3.41494232969132e-16
1313	3.41047007288952e-16
1314	3.40630830106893e-16
1315	3.40245198605059e-16
1316	3.39889612804905e-16
1317	3.39563575551488e-16
1318	3.39266592497813e-16
1319	3.38998172089270e-16
1320	3.38757465215929e-16
1321	3.38544347284140e-16
1322	3.38358335020302e-16
1323	3.38198230480797e-16
1324	3.38063917246801e-16
1325	3.37954564187110e-16
1326	3.37869702085131e-16
1327	3.37808864380913e-16
1328	3.37771231150887e-16
1329	3.37755987240254e-16
1330	3.37763032108618e-16
1331	3.37791556861560e-16
1332	3.37840403437181e-16
1333	3.37909833937056e-16
1334	3.37998697509052e-16
1335	3.38106202337245e-16
1336	3.38232264725818e-16
1337	3.38375747662525e-16
1338	3.38536572921984e-16
1339	3.38713612081687e-16
1340	3.38906092995415e-16
1341	3.39113946290130e-16
1342	3.39336057045535e-16
1343	3.39572013076463e-16
1344	3.39820709389103e-16
1345	3.40082088664528e-16
1346	3.40355054186777e-16
1347	3.40639207738519e-16
1348	3.40933462339825e-16
1349	3.41237772414289e-16
1350	3.41551059085300e-16
1351	3.41872938014289e-16
1352	3.42202684539946e-16
1353	3.42540607389851e-16
1354	3.42882561313785e-16
1355	3.43233316538020e-16
1356	3.43589420091009e-16
1357	3.43950848860422e-16
1358	3.44317579835210e-16
1359	3.44686190554560e-16
1360	3.45056673195495e-16
1361	3.45429019968821e-16
1362	3.45806607715494e-16
1363	3.46182654557578e-16
1364	3.46560542376434e-16
1365	3.46940263516335e-16
1366	3.47315080732844e-16
1367	3.47691735734957e-16
1368	3.48066865917713e-16
1369	3.48437128300043e-16
1370	3.48809235011855e-16
1371	3.49173157467544e-16
1372	3.49535602783031e-16
1373	3.49893247271899e-16
1374	3.50246112351339e-16
1375	3.50590898422007e-16
1376	3.50930957282714e-16
1377	3.51266310038310e-16
1378	3.51593671217372e-16
1379	3.51913076116048e-16
1380	3.52221262966250e-16
1381	3.52524865347969e-16
1382	3.52817329027483e-16
1383	3.53098702940478e-16
1384	3.53369035809709e-16
1385	3.53631649303235e-16
1386	3.53883309124290e-16
1387	3.54120799665700e-16
1388	3.54347441965864e-16
1389	3.54560029358879e-16
1390	3.54761873008738e-16
1391	3.54949775154762e-16
1392	3.55123796799555e-16
1393	3.55287234364871e-16
1394	3.55433672321577e-16
1395	3.55563184801183e-16
1396	3.55679067411328e-16
1397	3.55781379817767e-16
1398	3.55863756253436e-16
1399	3.55932699403092e-16
1400	3.55981861267254e-16
1401	3.56017725530662e-16
1402	3.56033961809958e-16
1403	3.56033845073319e-16
1404	3.56017446562807e-16
1405	3.55981656547310e-16
1406	3.55926559221913e-16
1407	3.55852238420782e-16
1408	3.55761944751282e-16
1409	3.55649422573665e-16
1410	3.55521084441113e-16
1411	3.55370691973433e-16
1412	3.55201489865673e-16
1413	3.55010415056353e-16
1414	3.54800702556117e-16
1415	3.54569297459025e-16
1416	3.54319425136281e-16
1417	3.54048038806857e-16
1418	3.53758354247193e-16
1419	3.53447332770685e-16
1420	3.53115066755129e-16
1421	3.52761648185327e-16
1422	3.52387168654936e-16
1423	3.51994820105644e-16
1424	3.51578487527737e-16
1425	3.51141366450836e-16
1426	3.50683546922284e-16
1427	3.50202035222857e-16
1428	3.49700012653001e-16
1429	3.49177568092124e-16
1430	3.48634790043028e-16
1431	3.48068700456714e-16
1432	3.47482461823793e-16
1433	3.46873103873788e-16
1434	3.46243779744033e-16
1435	3.45591526914157e-16
1436	3.44919489211372e-16
1437	3.44224711837110e-16
1438	3.43507292942922e-16
1439	3.42770362457954e-16
1440	3.42014005083119e-16
1441	3.41235281379060e-16
1442	3.40434287906797e-16
1443	3.39611120821192e-16
1444	3.38768887109076e-16
1445	3.37904662552573e-16
1446	3.37018542125253e-16
1447	3.36113619169282e-16
1448	3.35186980817007e-16
1449	3.34238720876913e-16
1450	3.33271919139907e-16
1451	3.32286656063266e-16
1452	3.31280032706954e-16
1453	3.30252140021472e-16
1454	3.29206038551191e-16
1455	3.28141806251637e-16
1456	3.27059520753305e-16
1457	3.25959259363151e-16
1458	3.24838145361531e-16
1459	3.23699217209678e-16
1460	3.22542551227911e-16
1461	3.21368223419004e-16
1462	3.20176309469651e-16
1463	3.18966884751909e-16
1464	3.17740024324640e-16
1465	3.16495802934952e-16
1466	3.15237216586173e-16
1467	3.13961409878939e-16
1468	3.12671370272011e-16
1469	3.11364249761743e-16
1470	3.10040121606173e-16
1471	3.08704862251738e-16
1472	3.07352725099365e-16
1473	3.05983782548910e-16
1474	3.04603886601179e-16
1475	3.03207313494188e-16
1476	3.01799899033728e-16
1477	3.00378812850750e-16
1478	2.98944114279541e-16
1479	2.97498732858565e-16
1480	2.96039849228992e-16
1481	2.94570384719735e-16
1482	2.93087527285671e-16
1483	2.91594190081598e-16
1484	2.90093270641483e-16
1485	2.88579109030086e-16
1486	2.87057449721275e-16
1487	2.85522647746283e-16
1488	2.83980431879324e-16
1489	2.82430836133452e-16
1490	2.80869652022234e-16
1491	2.79301167005113e-16
1492	2.77724850502804e-16
1493	2.76141019882593e-16
1494	2.74549709543672e-16
1495	2.72951515613194e-16
1496	2.71346750512206e-16
1497	2.69736005216008e-16
1498	2.68119307956933e-16
1499	2.66497245726604e-16
1500	2.64870123353195e-16
1501	2.63238243889537e-16
1502	2.61602464730399e-16
1503	2.59962526739047e-16
1504	2.58319004931003e-16
1505	2.56672471289280e-16
1506	2.55022941083107e-16
1507	2.53370705997604e-16
1508	2.51716332301863e-16
1509	2.50060107530289e-16
1510	2.48402317706180e-16
1511	2.46743247349209e-16
1512	2.45084003450966e-16
1513	2.43424315694314e-16
1514	2.41765010914888e-16
1515	2.40106638017669e-16
1516	2.38449196592846e-16
1517	2.36793231926100e-16
1518	2.35139286426449e-16
1519	2.33487355377841e-16
1520	2.31837977625495e-16
1521	2.30191417755540e-16
1522	2.28547938951073e-16
1523	2.26907802999082e-16
1524	2.25271540646520e-16
1525	2.23639409845821e-16
1526	2.22011936819283e-16
1527	2.20389106436271e-16
1528	2.18771441493502e-16
1529	2.17159462030302e-16
1530	2.15553148874864e-16
1531	2.13953018693345e-16
1532	2.12359050358754e-16
1533	2.10772024378251e-16
1534	2.09191916648656e-16
1535	2.07618969646596e-16
1536	2.06053690694298e-16
1537	2.04495787048519e-16
1538	2.02946294705549e-16
1539	2.01405183816166e-16
1540	1.99872689406096e-16
1541	1.98349045239410e-16
1542	1.96835011977498e-16
1543	1.95330291358644e-16
1544	1.93835640188845e-16
1545	1.92350759102413e-16
1546	1.90876401079622e-16
1547	1.89412790415071e-16
1548	1.87959626124486e-16
1549	1.86517655506543e-16
1550	1.85086837878199e-16
1551	1.83667393738981e-16
1552	1.82259542425479e-16
1553	1.80863762445579e-16
1554	1.79479749742717e-16
1555	1.78107980806208e-16
1556	1.76748670271580e-16
1557	1.75402031611685e-16
1558	1.74068277142390e-16
1559	1.72747618028239e-16
1560	1.71440006268678e-16
1561	1.70145651733582e-16
1562	1.68865020513799e-16
1563	1.67597805160425e-16
1564	1.66344726535779e-16
1565	1.65105476258421e-16
1566	1.63880515592136e-16
1567	1.62669536219581e-16
1568	1.61472997508068e-16
1569	1.60291101347313e-16
1570	1.59123539040614e-16
1571	1.57971021070845e-16
1572	1.56832983755662e-16
1573	1.55709881299116e-16
1574	1.54601912076763e-16
1575	1.53509020255281e-16
1576	1.52431150211514e-16
1577	1.51368751508103e-16
1578	1.50321767020741e-16
1579	1.49290391689190e-16
1580	1.48274316331450e-16
1581	1.47273986892107e-16
1582	1.46289345198225e-16
1583	1.45320333295316e-16
1584	1.44366893446422e-16
1585	1.43428968131210e-16
1586	1.42506999308491e-16
1587	1.41600678684757e-16
1588	1.40709948446272e-16
1589	1.39834999686161e-16
1590	1.38975774085044e-16
1591	1.38132213541837e-16
1592	1.37304507927040e-16
1593	1.36492351197511e-16
1594	1.35695933036426e-16
1595	1.34915195279491e-16
1596	1.34149833465413e-16
1597	1.33400283200603e-16
1598	1.32666240146490e-16
1599	1.31947401412035e-16
1600	1.31244446681558e-16
1601	1.30556582418393e-16
1602	1.29883998093357e-16
1603	1.29226637903640e-16
1604	1.28584446253355e-16
1605	1.27957367752681e-16
1606	1.27345103762150e-16
1607	1.26747843361993e-16
1608	1.26165288923981e-16
1609	1.25597386777425e-16
1610	1.25044083450116e-16
1611	1.24505325667512e-16
1612	1.23981060351919e-16
1613	1.23470993274651e-16
1614	1.22975072645934e-16
1615	1.22493246867097e-16
1616	1.22025464529785e-16
1617	1.21571434260346e-16
1618	1.21131105918726e-16
1619	1.20704189987519e-16
1620	1.20290637582004e-16
1621	1.19890399997356e-16
1622	1.19503190030947e-16
1623	1.19128960217341e-16
1624	1.18767425175914e-16
1625	1.18418538667952e-16
1626	1.18082254624514e-16
1627	1.17758052720363e-16
1628	1.17446125892903e-16
1629	1.17146192816501e-16
1630	1.16857973490012e-16
1631	1.16581425281723e-16
1632	1.16316269954181e-16
1633	1.16062230579684e-16
1634	1.15819501904831e-16
1635	1.15587572980871e-16
1636	1.15366169916110e-16
1637	1.15155488756775e-16
1638	1.14955022430100e-16
1639	1.14764733794847e-16
1640	1.14584352377252e-16
1641	1.14413608976004e-16
1642	1.14252468556324e-16
1643	1.14100663594611e-16
1644	1.13958160159352e-16
1645	1.13824460339839e-16
1646	1.13699532141864e-16
1647	1.13583112199302e-16
1648	1.13474938384993e-16
1649	1.13374980732471e-16
1650	1.13282748089041e-16
1651	1.13198212523356e-16
1652	1.13121346774203e-16
1653	1.13051434386385e-16
1654	1.12988910002565e-16
1655	1.12933059853059e-16
1656	1.12883631541398e-16
1657	1.12840831266825e-16
1658	1.12804178922835e-16
1659	1.12773652992981e-16
1660	1.12748776281952e-16
1661	1.12729529072071e-16
1662	1.12715437056145e-16
1663	1.12706709352955e-16
1664	1.12702873702339e-16
1665	1.12703686600381e-16
1666	1.12708905690612e-16
1667	1.12718515727549e-16
1668	1.12732275821909e-16
1669	1.12749720791880e-16
1670	1.12770837980433e-16
1671	1.12795389886827e-16
1672	1.12823140130256e-16
1673	1.12853853444852e-16
1674	1.12887519758076e-16
1675	1.12923681400893e-16
1676	1.12962329972995e-16
1677	1.13003233820899e-16
1678	1.13046385400912e-16
1679	1.13091108942317e-16
1680	1.13137399339173e-16
1681	1.13185473724696e-16
1682	1.13234438405999e-16
1683	1.13284512397515e-16
1684	1.13335470808635e-16
1685	1.13387089811161e-16
1686	1.13439146634591e-16
1687	1.13491419561422e-16
1688	1.13543908305323e-16
1689	1.13596392458373e-16
1690	1.13648432792797e-16
1691	1.13700031361169e-16
1692	1.13751190208225e-16
1693	1.13801254120644e-16
1694	1.13850665103948e-16
1695	1.13898551682124e-16
1696	1.13945356345818e-16
1697	1.13990647298726e-16
1698	1.14033994782225e-16
1699	1.14075623684037e-16
1700	1.14115323275390e-16
1701	1.14152883835544e-16
1702	1.14188096678526e-16
1703	1.14220970636146e-16
1704	1.14251298243645e-16
1705	1.14279089030079e-16
1706	1.14303920973926e-16
1707	1.14325805051909e-16
1708	1.14344536948172e-16
1709	1.14360343318031e-16
1710	1.14372590768834e-16
1711	1.14381506877327e-16
1712	1.14386675425082e-16
1713	1.14388110147910e-16
1714	1.14385824732843e-16
1715	1.14379619318047e-16
1716	1.14369508239648e-16
1717	1.14355079776279e-16
1718	1.14336349649580e-16
1719	1.14313546033714e-16
1720	1.14286047014950e-16
1721	1.14254293658514e-16
1722	1.14217877926565e-16
1723	1.14176605214766e-16
1724	1.14130915672984e-16
1725	1.14080192266527e-16
1726	1.14024453202029e-16
1727	1.13963927166522e-16
1728	1.13898210906353e-16
1729	1.13827323167389e-16
1730	1.13751282629660e-16
1731	1.13669898334814e-16
1732	1.13583189557553e-16
1733	1.13490966415497e-16
1734	1.13393248771513e-16
1735	1.13289847811043e-16
1736	1.13181200714006e-16
1737	1.13066910159026e-16
1738	1.12946996450415e-16
1739	1.12821479821516e-16
1740	1.12690380434970e-16
1741	1.12553718382995e-16
1742	1.12411306752470e-16
1743	1.12263166207506e-16
1744	1.12109110879181e-16
1745	1.11949574446184e-16
1746	1.11783958682631e-16
1747	1.11612491132839e-16
1748	1.11435398324189e-16
1749	1.11252084641296e-16
1750	1.11063187500447e-16
1751	1.10868317286002e-16
1752	1.10667699620570e-16
1753	1.10461354698401e-16
1754	1.10249098529929e-16
1755	1.10030951867803e-16
1756	1.09807139042788e-16
1757	1.09577476551824e-16
1758	1.09341984935061e-16
1759	1.09100684661962e-16
1760	1.08853798856815e-16
1761	1.08601144663040e-16
1762	1.08342742340813e-16
1763	1.08078814116781e-16
1764	1.07809177618162e-16
1765	1.07534256055445e-16
1766	1.07253866693639e-16
1767	1.06968028767591e-16
1768	1.06676962341441e-16
1769	1.06380685837272e-16
1770	1.06079217613965e-16
1771	1.05772575967439e-16
1772	1.05460779130890e-16
1773	1.05144045039163e-16
1774	1.04822191586408e-16
1775	1.04495635448895e-16
1776	1.04163995086433e-16
1777	1.03827686157678e-16
1778	1.03486725186400e-16
1779	1.03140930220498e-16
1780	1.02790714732233e-16
1781	1.02435896433804e-16
1782	1.02076689375944e-16
1783	1.01713109136603e-16
1784	1.01345368549408e-16
1785	1.00973285335095e-16
1786	1.00597268648341e-16
1787	1.00217332535033e-16
1788	9.98332945656292e-17
1789	9.94455617643106e-17
1790	9.90541473749287e-17
1791	9.86588688259637e-17
1792	9.82601310293122e-17
1793	9.78579464382921e-17
1794	9.74521323475679e-17
1795	9.70430915747561e-17
1796	9.66306411121365e-17
1797	9.62151821741260e-17
1798	9.57965314563218e-17
1799	9.53750885799621e-17
1800	9.49506699496041e-17
1801	9.45236735211660e-17
1802	9.40941083919897e-17
1803	9.36619835466839e-17
1804	9.32275008989867e-17
1805	9.27908614776459e-17
1806	9.23520728976146e-17
1807	9.19111427480734e-17
1808	9.14682706993872e-17
1809	9.10234636526605e-17
1810	9.05769201682883e-17
1811	9.01286464659988e-17
1812	8.96788400042943e-17
1813	8.92275063281646e-17
1814	8.87748418022283e-17
1815	8.83210419316221e-17
1816	8.78661109470591e-17
1817	8.74102432737598e-17
1818	8.69534424860988e-17
1819	8.64959019372076e-17
1820	8.60376245515332e-17
1821	8.55788026178795e-17
1822	8.51196275838780e-17
1823	8.46599121407608e-17
1824	8.41998473066369e-17
1825	8.37398118102040e-17
1826	8.32796177056791e-17
1827	8.28194541358226e-17
1828	8.23595094166584e-17
1829	8.18999710408616e-17
1830	8.14406506473140e-17
1831	8.09821099447640e-17
1832	8.05241597583712e-17
1833	8.00669855432507e-17
1834	7.96105852438241e-17
1835	7.91551433073934e-17
1836	7.87008433752525e-17
1837	7.82474961041212e-17
1838	7.77954706359845e-17
1839	7.73445774450018e-17
1840	7.68951842785391e-17
1841	7.64472867160392e-17
1842	7.60008803508313e-17
1843	7.55563305532178e-17
1844	7.51134470605163e-17
1845	7.46724093901766e-17
1846	7.42333962762316e-17
1847	7.37965856724842e-17
1848	7.33616031074310e-17
1849	7.29289941409678e-17
1850	7.24985680267292e-17
1851	7.20705014155922e-17
1852	7.16449702157686e-17
1853	7.12217837910762e-17
1854	7.08013004030850e-17
1855	7.03835117650683e-17
1856	6.99685919179829e-17
1857	6.95563499337216e-17
1858	6.91471414235806e-17
1859	6.87407753191233e-17
1860	6.83377874361819e-17
1861	6.79376233383247e-17
1862	6.75408177306335e-17
1863	6.71473602104097e-17
1864	6.67572404079841e-17
1865	6.63704479866002e-17
1866	6.59869726422974e-17
1867	6.56071644240475e-17
1868	6.52310119364065e-17
1869	6.48583240452294e-17
1870	6.44894491691544e-17
1871	6.41243754443231e-17
1872	6.37629118452260e-17
1873	6.34054051729150e-17
1874	6.30516642851743e-17
1875	6.27020347207388e-17
1876	6.23563252244335e-17
1877	6.20147018339830e-17
1878	6.16771518104977e-17
1879	6.13436624554153e-17
1880	6.10142211103588e-17
1881	6.06891701350038e-17
1882	6.03683185193280e-17
1883	6.00516531618111e-17
1884	5.97391610023468e-17
1885	5.94310057588305e-17
1886	5.91273504409984e-17
1887	5.88278282660869e-17
1888	5.85327786921940e-17
1889	5.82420117589580e-17
1890	5.79556899008448e-17
1891	5.76737992338656e-17
1892	5.73965013495336e-17
1893	5.71236066490497e-17
1894	5.68551013801898e-17
1895	5.65911467108996e-17
1896	5.63317284223272e-17
1897	5.60768323403863e-17
1898	5.58264443355988e-17
1899	5.55805503229394e-17
1900	5.53393102195769e-17
1901	5.51023619361711e-17
1902	5.48700392833399e-17
1903	5.46421544308746e-17
1904	5.44188667779341e-17
1905	5.41999889476289e-17
1906	5.39856800633210e-17
1907	5.37757531996747e-17
1908	5.35701947022151e-17
1909	5.33693356031153e-17
1910	5.31728169680233e-17
1911	5.29806252720252e-17
1912	5.27929188142720e-17
1913	5.26095120135966e-17
1914	5.24303914724471e-17
1915	5.22557150792367e-17
1916	5.20852979186187e-17
1917	5.19191267190764e-17
1918	5.17571882505334e-17
1919	5.15996398553380e-17
1920	5.14461271460636e-17
1921	5.12968077250438e-17
1922	5.11516685265309e-17
1923	5.10105267028925e-17
1924	5.08737090913569e-17
1925	5.07406938085919e-17
1926	5.06116383003734e-17
1927	5.04866993468939e-17
1928	5.03655262358890e-17
1929	5.02482759998209e-17
1930	5.01349364151616e-17
1931	5.00253268776172e-17
1932	4.99192675177851e-17
1933	4.98170834098810e-17
1934	4.97184266855444e-17
1935	4.96234540715449e-17
1936	4.95319865357103e-17
1937	4.94440131503990e-17
1938	4.93595230218615e-17
1939	4.92783382578755e-17
1940	4.92004485484560e-17
1941	4.91258436155673e-17
1942	4.90545132130126e-17
1943	4.89864471263248e-17
1944	4.89213028239478e-17
1945	4.88592371828307e-17
1946	4.88002405930324e-17
1947	4.87441378115496e-17
1948	4.86909197977830e-17
1949	4.86404122160322e-17
1950	4.85926065899330e-17
1951	4.85476595385642e-17
1952	4.85052329238967e-17
1953	4.84653193614397e-17
1954	4.84279114890025e-17
1955	4.83930019666196e-17
1956	4.83604193342974e-17
1957	4.83301567992845e-17
1958	4.83022075892899e-17
1959	4.82764013124549e-17
1960	4.82527317378847e-17
1961	4.82311926534074e-17
1962	4.82114515854296e-17
1963	4.81938293036384e-17
1964	4.81779940340641e-17
1965	4.81637779886119e-17
1966	4.81515014871700e-17
1967	4.81408342948148e-17
1968	4.81316096594053e-17
1969	4.81241474482963e-17
1970	4.81179571357379e-17
1971	4.81131967963199e-17
1972	4.81098623696699e-17
1973	4.81076271545219e-17
1974	4.81066492578765e-17
1975	4.81069251432626e-17
1976	4.81081296104391e-17
1977	4.81102601195528e-17
1978	4.81133141381710e-17
1979	4.81171287912869e-17
1980	4.81218622349817e-17
1981	4.81271919053238e-17
1982	4.81332761320166e-17
1983	4.81399531967451e-17
1984	4.81470620306565e-17
1985	4.81547609765278e-17
1986	4.81627300726573e-17
1987	4.81711278282248e-17
1988	4.81797943105284e-17
1989	4.81885702285124e-17
1990	4.81976140955501e-17
1991	4.82067669413240e-17
1992	4.82158704328216e-17
1993	4.82247668719392e-17
1994	4.82337730345673e-17
1995	4.82424154831089e-17
1996	4.82510108305713e-17
1997	4.82592445310188e-17
1998	4.82669606129980e-17
1999	4.82744752046621e-17
2000	4.82813181661752e-17
2001	4.82878054437322e-17
2002	4.82936249142221e-17
2003	4.82987787495414e-17
2004	4.83032691149154e-17
2005	4.83070981689202e-17
2006	4.83101119999245e-17
2007	4.83121573114601e-17
2008	4.83133929257808e-17
2009	4.83136658399882e-17
2010	4.83129791054557e-17
2011	4.83111804755910e-17
2012	4.83082734461011e-17
2013	4.83041065217520e-17
2014	4.82988384650967e-17
2015	4.82923180665556e-17
2016	4.82843947195395e-17
2017	4.82753815174383e-17
2018	4.82648192496976e-17
2019	4.82530208316806e-17
2020	4.82396823112440e-17
2021	4.82249622108067e-17
2022	4.82088648263157e-17
2023	4.81910875361340e-17
2024	4.81717888205054e-17
2025	4.81509733893662e-17
2026	4.81283399418581e-17
2027	4.81040469124336e-17
2028	4.80780994193898e-17
2029	4.80503500193515e-17
2030	4.80208042506496e-17
2031	4.79896198811722e-17
2032	4.79564977741544e-17
2033	4.79214438677199e-17
2034	4.78846158797267e-17
2035	4.78458676172172e-17
2036	4.78052049659703e-17
2037	4.77624824434327e-17
2038	4.77178575480246e-17
2039	4.76711850582976e-17
2040	4.76224712335684e-17
2041	4.75715715562637e-17
2042	4.75186433019415e-17
2043	4.74636926735719e-17
2044	4.74065755395255e-17
2045	4.73474486759787e-17
2046	4.72861682076108e-17
2047	4.72225908268668e-17
2048	4.71570229809754e-17
2049	4.70893211769656e-17
2050	4.70194919250058e-17
2051	4.69473924201359e-17
2052	4.68731786983869e-17
2053	4.67967081879085e-17
2054	4.67179877343164e-17
2055	4.66370241629996e-17
2056	4.65539728462242e-17
2057	4.64685432906659e-17
2058	4.63810392515453e-17
2059	4.62911707730626e-17
2060	4.61992409938933e-17
2061	4.61049604943415e-17
2062	4.60086317984744e-17
2063	4.59099660212831e-17
2064	4.58091176562897e-17
2065	4.57062406053576e-17
2066	4.56010467828623e-17
2067	4.54936901944096e-17
2068	4.53843242566244e-17
2069	4.52726616801053e-17
2070	4.51590025496914e-17
2071	4.50432065282894e-17
2072	4.49251338259649e-17
2073	4.48050836206936e-17
2074	4.46829159431813e-17
2075	4.45587830878204e-17
2076	4.44323996114628e-17
2077	4.43040634901286e-17
2078	4.41736352435250e-17
2079	4.40412665308518e-17
2080	4.39069632749219e-17
2081	4.37707313811649e-17
2082	4.36325767376826e-17
2083	4.34925052153052e-17
2084	4.33505226676471e-17
2085	4.32069238590752e-17
2086	4.30612808017436e-17
2087	4.29138880884174e-17
2088	4.27648951400900e-17
2089	4.26140190764732e-17
2090	4.24614094251496e-17
2091	4.23070715107785e-17
2092	4.21510106424177e-17
2093	4.19933754755452e-17
2094	4.18341708775840e-17
2095	4.16732586132368e-17
2096	4.15109298347798e-17
2097	4.13470461418370e-17
2098	4.11816123450039e-17
2099	4.10147757845179e-17
2100	4.08463984277160e-17
2101	4.06766272698042e-17
2102	4.05054664284313e-17
2103	4.03329199630845e-17
2104	4.01589919215886e-17
2105	3.99838280726275e-17
2106	3.98072904392568e-17
2107	3.96296659623228e-17
2108	3.94506751801191e-17
2109	3.92707456709045e-17
2110	3.90895980876289e-17
2111	3.89075178564635e-17
2112	3.87243669419597e-17
2113	3.85402891566350e-17
2114	3.83551467148418e-17
2115	3.81692235414728e-17
2116	3.79823817021228e-17
2117	3.77947640467221e-17
2118	3.76062328916218e-17
2119	3.74170706736716e-17
2120	3.72269998292567e-17
2121	3.70364418563714e-17
2122	3.68451193111882e-17
2123	3.66531738157344e-17
2124	3.64608856696189e-17
2125	3.62678387305776e-17
2126	3.60744521043280e-17
2127	3.58805880574429e-17
2128	3.56863867469216e-17
2129	3.54918492488492e-17
2130	3.52968382104355e-17
2131	3.51016316827902e-17
2132	3.49060921768187e-17
2133	3.47103587927838e-17
2134	3.45144322032054e-17
2135	3.43184508568691e-17
2136	3.41224150354474e-17
2137	3.39261874991386e-17
2138	3.37300436975103e-17
2139	3.35339835237617e-17
2140	3.33380068712719e-17
2141	3.31421136335992e-17
2142	3.29464405839246e-17
2143	3.27508504813485e-17
2144	3.25556164690010e-17
2145	3.23606011807927e-17
2146	3.21658041313199e-17
2147	3.19713610792136e-17
2148	3.17772711611546e-17
2149	3.15836695054964e-17
2150	3.13904190112332e-17
2151	3.11976545583633e-17
2152	3.10053749112609e-17
2153	3.08137143215579e-17
2154	3.06225358234020e-17
2155	3.04321086576429e-17
2156	3.02421606334336e-17
2157	3.00529604980524e-17
2158	2.98645062862996e-17
2159	2.96766613054856e-17
2160	2.94896931914839e-17
2161	2.93034651373962e-17
2162	2.91181095586186e-17
2163	2.89336241440281e-17
2164	2.87500065888073e-17
2165	2.85672545944245e-17
2166	2.83854997322164e-17
2167	2.82047393456948e-17
2168	2.80249707856247e-17
2169	2.78461914100025e-17
2170	2.76685319546974e-17
2171	2.74918561758208e-17
2172	2.73164277038691e-17
2173	2.71421101884852e-17
2174	2.69690335385513e-17
2175	2.67971944242165e-17
2176	2.66265895247226e-17
2177	2.64572155283773e-17
2178	2.62890691325259e-17
2179	2.61222793149833e-17
2180	2.59568424272051e-17
2181	2.57926228015658e-17
2182	2.56298809884387e-17
2183	2.54684812188927e-17
2184	2.53085515506794e-17
2185	2.51499564771543e-17
2186	2.49928238354443e-17
2187	2.48372809919176e-17
2188	2.46830612864356e-17
2189	2.45304232929167e-17
2190	2.43793627451522e-17
2191	2.42297445616843e-17
2192	2.40816955649982e-17
2193	2.39352115231441e-17
2194	2.37901577462696e-17
2195	2.36467910830757e-17
2196	2.35051069795761e-17
2197	2.33649707807375e-17
2198	2.32263783123175e-17
2199	2.30894552883263e-17
2200	2.29541972031172e-17
2201	2.28205995650292e-17
2202	2.26886579015859e-17
2203	2.25583677541876e-17
2204	2.24298539647587e-17
2205	2.23029825759706e-17
2206	2.21777491658543e-17
2207	2.20542782616869e-17
2208	2.19324362946728e-17
2209	2.18123475830928e-17
2210	2.16940074038805e-17
2211	2.15772825754836e-17
2212	2.14622971038345e-17
2213	2.13490463036191e-17
2214	2.12375255021891e-17
2215	2.11276020317394e-17
2216	2.10195273758875e-17
2217	2.09131687763357e-17
2218	2.08085216107207e-17
2219	2.07054537223486e-17
2220	2.06042157222421e-17
2221	2.05046753635387e-17
2222	2.04068280735586e-17
2223	2.03107963802657e-17
2224	2.02163214447320e-17
2225	2.01236527938528e-17
2226	2.00325320701184e-17
2227	1.99432083684900e-17
2228	1.98555503301677e-17
2229	1.97694270632554e-17
2230	1.96850870168424e-17
2231	1.96023992096690e-17
2232	1.95213591911435e-17
2233	1.94418365697938e-17
2234	1.93640789373150e-17
2235	1.92878300856180e-17
2236	1.92133371793090e-17
2237	1.91403444842109e-17
2238	1.90689733481024e-17
2239	1.89990941240891e-17
2240	1.89309531253480e-17
2241	1.88641705056539e-17
2242	1.87989924888106e-17
2243	1.87354147525374e-17
2244	1.86733082648220e-17
2245	1.86126690596920e-17
2246	1.85534931817970e-17
2247	1.84957766863767e-17
2248	1.84395156392298e-17
2249	1.83847061166822e-17
2250	1.83313442055562e-17
2251	1.82794260263814e-17
2252	1.82288239659632e-17
2253	1.81795346109073e-17
2254	1.81316781741666e-17
2255	1.80850039160461e-17
2256	1.80397555754699e-17
2257	1.79958061579865e-17
2258	1.79531522953846e-17
2259	1.79116675574733e-17
2260	1.78714718823326e-17
2261	1.78325619278494e-17
2262	1.77948116160137e-17
2263	1.77580953113089e-17
2264	1.77226554031620e-17
2265	1.76883661633614e-17
2266	1.76552246162196e-17
2267	1.76231055898942e-17
2268	1.75920064474445e-17
2269	1.75620465475161e-17
2270	1.75331010634311e-17
2271	1.75051673793464e-17
2272	1.74782428862686e-17
2273	1.74523249820337e-17
2274	1.74272896183543e-17
2275	1.74031345268403e-17
2276	1.73799786846518e-17
2277	1.73575772495423e-17
2278	1.73360493170565e-17
2279	1.73153926424056e-17
2280	1.72956049866584e-17
2281	1.72765634079211e-17
2282	1.72582659961636e-17
2283	1.72405903488787e-17
2284	1.72237756663369e-17
2285	1.72075791636753e-17
2286	1.71921194477056e-17
2287	1.71772745562991e-17
2288	1.71630429233846e-17
2289	1.71494229869542e-17
2290	1.71364131890517e-17
2291	1.71238923181945e-17
2292	1.71119786907966e-17
2293	1.71005513116099e-17
2294	1.70896089506445e-17
2295	1.70791503810889e-17
2296	1.70690552422104e-17
2297	1.70594416579923e-17
2298	1.70501894808470e-17
2299	1.70414166328647e-17
2300	1.70328844558787e-17
2301	1.70247109998150e-17
2302	1.70168954660269e-17
2303	1.70092002493510e-17
2304	1.70019801252985e-17
2305	1.69948793858004e-17
2306	1.69880159803058e-17
2307	1.69813894452283e-17
2308	1.69748814163362e-17
2309	1.69684917384218e-17
2310	1.69623379542397e-17
2311	1.69563020078033e-17
2312	1.69502662509184e-17
2313	1.69443482271482e-17
2314	1.69385477826333e-17
2315	1.69327475738461e-17
2316	1.69269477509325e-17
2317	1.69211484635196e-17
2318	1.69153498607174e-17
2319	1.69094353050263e-17
2320	1.69035219318904e-17
2321	1.68974933035326e-17
2322	1.68913498677458e-17
2323	1.68852084553742e-17
2324	1.68788366428554e-17
2325	1.68723513587193e-17
2326	1.68656369612636e-17
2327	1.68588101757279e-17
2328	1.68517555568179e-17
2329	1.68445896270177e-17
2330	1.68370814507149e-17
2331	1.68293476458201e-17
2332	1.68213889431825e-17
2333	1.68132060716434e-17
2334	1.68046844679115e-17
2335	1.67958251529520e-17
2336	1.67866291449801e-17
2337	1.67772124538569e-17
2338	1.67673460052154e-17
2339	1.67571459019101e-17
2340	1.67466131512341e-17
2341	1.67356341559371e-17
2342	1.67243247153820e-17
2343	1.67125714220698e-17
2344	1.67003755648484e-17
2345	1.66877384291384e-17
2346	1.66747754109024e-17
2347	1.66612594636189e-17
2348	1.66473060737711e-17
2349	1.66328026904434e-17
2350	1.66178645984560e-17
2351	1.66024930436364e-17
2352	1.65865756604981e-17
2353	1.65701138836793e-17
2354	1.65531091441260e-17
2355	1.65356761127037e-17
2356	1.65175896297128e-17
2357	1.64990775064415e-17
2358	1.64799149602440e-17
2359	1.64603294112410e-17
2360	1.64400964529052e-17
2361	1.64193304463238e-17
2362	1.63979202197596e-17
2363	1.63759799354004e-17
2364	1.63533986043182e-17
2365	1.63302901903305e-17
2366	1.63066560801665e-17
2367	1.62822734599413e-17
2368	1.62573682848899e-17
2369	1.62319419303834e-17
2370	1.62057721383194e-17
2371	1.61790842840946e-17
2372	1.61517681052852e-17
2373	1.61239367771267e-17
2374	1.60953687792528e-17
2375	1.60662887173283e-17
2376	1.60365866894016e-17
2377	1.60061531643376e-17
2378	1.59752121728507e-17
2379	1.59436540819508e-17
2380	1.59115913831286e-17
2381	1.58788038380939e-17
2382	1.58454040233325e-17
2383	1.58113935405016e-17
2384	1.57767739871782e-17
2385	1.57416573700830e-17
2386	1.57058243597299e-17
2387	1.56693870473645e-17
2388	1.56324571503818e-17
2389	1.55949259257760e-17
2390	1.55566849954170e-17
2391	1.55179559245424e-17
2392	1.54787400030435e-17
2393	1.54388191648064e-17
2394	1.53984144122243e-17
2395	1.53574175313667e-17
2396	1.53159394743569e-17
2397	1.52738722030161e-17
2398	1.52312172600108e-17
2399	1.51880853126422e-17
2400	1.51443685854060e-17
