# fiducial ns=0.965 As=2.1e-09
# ell  Cl_TT_muK2
0	0.00000000000000e+00
1	0.00000000000000e+00
2	1.44079426748724e-10
3	6.82269551127846e-11
4	3.87389501546893e-11
5	2.47339738533856e-11
6	1.71354676275907e-11
7	1.25987533740780e-11
8	9.68132651908343e-12
9	7.70123486208433e-12
10	6.29519661300993e-12
11	5.25729766435905e-12
12	4.47565005104502e-12
13	3.86579506333134e-12
14	3.38067113864686e-12
15	2.98504957149413e-12
16	2.66358462147664e-12
17	2.39889287974008e-12
18	2.17584955755099e-12
19	1.98782505951789e-12
20	1.82475368124001e-12
21	1.68354755130557e-12
22	1.56048361583189e-12
23	1.45196952829145e-12
24	1.35619486250544e-12
25	1.27139528328892e-12
26	1.19535954950580e-12
27	1.12733997091052e-12
28	1.06606230792430e-12
29	1.01056890906199e-12
30	9.60311493248295e-13
31	9.14127738111629e-13
32	8.72208465101888e-13
33	8.33652449568502e-13
34	7.98081267465394e-13
35	7.65566465573804e-13
36	7.35196393174540e-13
37	7.07089497364512e-13
38	6.81084193511480e-13
39	6.56919860875472e-13
40	6.34379696304223e-13
41	6.13272832594649e-13
42	5.93475654395078e-13
43	5.74882269591894e-13
44	5.57413540477747e-13
45	5.41003184622825e-13
46	5.25551543663422e-13
47	5.10975859465272e-13
48	4.97198738661759e-13
49	4.84156009555327e-13
50	4.71811984599810e-13
51	4.60134311070577e-13
52	4.49058214126282e-13
53	4.38520216929747e-13
54	4.28478453880086e-13
55	4.18899023674476e-13
56	4.09781714719984e-13
57	4.01121972699185e-13
58	3.92878703505815e-13
59	3.85004091706801e-13
60	3.77470677716535e-13
61	3.70259538258058e-13
62	3.63352844655830e-13
63	3.56736701745655e-13
64	3.50395025566028e-13
65	3.44317262833201e-13
66	3.38495610452871e-13
67	3.32911857543526e-13
68	3.27545999416907e-13
69	3.22378425713731e-13
70	3.17393738033352e-13
71	3.12579091169533e-13
72	3.07944453653890e-13
73	3.03498413002447e-13
74	2.99232402043666e-13
75	2.95137256054299e-13
76	2.91197674846912e-13
77	2.87388047378730e-13
78	2.83700085695737e-13
79	2.80134037290835e-13
80	2.76686991024086e-13
81	2.73356445790659e-13
82	2.70138513932462e-13
83	2.67025301402976e-13
84	2.64012107852411e-13
85	2.61093638734075e-13
86	2.58265395965362e-13
87	2.55520055151783e-13
88	2.52852063293994e-13
89	2.50259374465472e-13
90	2.47739242091871e-13
91	2.45289763284415e-13
92	2.42908215119911e-13
93	2.40593410783974e-13
94	2.38342061307769e-13
95	2.36153130819646e-13
96	2.34023562886869e-13
97	2.31951132756615e-13
98	2.29934369648528e-13
99	2.27969312526004e-13
100	2.26055358446657e-13
101	2.24190061830717e-13
102	2.22371706733088e-13
103	2.20597481584941e-13
104	2.18865888214672e-13
105	2.17174929413787e-13
106	2.15522712192754e-13
107	2.13907441587676e-13
108	2.12326881143363e-13
109	2.10780492184900e-13
110	2.09266196967433e-13
111	2.07782527209818e-13
112	2.06328539946338e-13
113	2.04902831136761e-13
114	2.03504067243888e-13
115	2.02130981260713e-13
116	2.00782831941270e-13
117	1.99458450869229e-13
118	1.98156279410326e-13
119	1.96875722863874e-13
120	1.95615774766925e-13
121	1.94375477083383e-13
122	1.93153498896738e-13
123	1.91949403611721e-13
124	1.90762363025524e-13
125	1.89591188962181e-13
126	1.88435540602029e-13
127	1.87294313684452e-13
128	1.86166841669268e-13
129	1.85052863382867e-13
130	1.83951386012832e-13
131	1.82861479137386e-13
132	1.81783379077486e-13
133	1.80715901285703e-13
134	1.79658965565571e-13
135	1.78611805052563e-13
136	1.77574365323884e-13
137	1.76545924230848e-13
138	1.75526122662408e-13
139	1.74514293602203e-13
140	1.73510757518164e-13
141	1.72514556789165e-13
142	1.71525401316607e-13
143	1.70543317971291e-13
144	1.69567425335982e-13
145	1.68597776671500e-13
146	1.67633247844274e-13
147	1.66673638447952e-13
148	1.65718471124330e-13
149	1.64767291333002e-13
150	1.63819666261758e-13
151	1.62874902566213e-13
152	1.61933392516342e-13
153	1.60994699268854e-13
154	1.60058933341906e-13
155	1.59125938337633e-13
156	1.58196077473851e-13
157	1.57268681065295e-13
158	1.56344112052035e-13
159	1.55421973122996e-13
160	1.54502129304633e-13
161	1.53583969368291e-13
162	1.52667386932004e-13
163	1.51752280047277e-13
164	1.50838086619854e-13
165	1.49924959189061e-13
166	1.49012589291975e-13
167	1.48100906650009e-13
168	1.47189843991203e-13
169	1.46279336922279e-13
170	1.45369323806583e-13
171	1.44459532021014e-13
172	1.43550334820875e-13
173	1.42641253292761e-13
174	1.41732242870819e-13
175	1.40823464969376e-13
176	1.39914673926528e-13
177	1.39005848840054e-13
178	1.38096776101494e-13
179	1.37187641626486e-13
180	1.36278430350557e-13
181	1.35368937159110e-13
182	1.34459343232487e-13
183	1.33549635374382e-13
184	1.32639616412242e-13
185	1.31729462889096e-13
186	1.30818982613184e-13
187	1.29908349063022e-13
188	1.28997551652736e-13
189	1.28086405323038e-13
190	1.27175079096404e-13
191	1.26263563732201e-13
192	1.25351680871896e-13
193	1.24439427383721e-13
194	1.23527132560996e-13
195	1.22614619187204e-13
196	1.21702042707749e-13
197	1.20789552354651e-13
198	1.19877291379869e-13
199	1.18964923672386e-13
200	1.18052907920974e-13
201	1.17141064341988e-13
202	1.16229368070371e-13
203	1.15317490409301e-13
204	1.14405716421087e-13
205	1.13493576224820e-13
206	1.12581354806767e-13
207	1.11668888502633e-13
208	1.10756164469281e-13
209	1.09843886207589e-13
210	1.08931879811518e-13
211	1.08020399206558e-13
212	1.07109827852822e-13
213	1.06200259049914e-13
214	1.05291918949981e-13
215	1.04384889773265e-13
216	1.03478982294548e-13
217	1.02574279540220e-13
218	1.01670861221800e-13
219	1.00768673441501e-13
220	9.98676639355689e-14
221	9.89680381551123e-14
222	9.80696131422304e-14
223	9.71725894941976e-14
224	9.62771603900438e-14
225	9.53833882767646e-14
226	9.44912105531314e-14
227	9.36008092305316e-14
228	9.27122392555638e-14
229	9.18256725523532e-14
230	9.09410381561265e-14
231	9.00585015828212e-14
232	8.91782222364675e-14
233	8.83001231270967e-14
234	8.74242436536075e-14
235	8.65508479919962e-14
236	8.56797415801280e-14
237	8.48112928280807e-14
238	8.39454154912954e-14
239	8.30822447230221e-14
240	8.22218020261557e-14
241	8.13641076358636e-14
242	8.05093942564229e-14
243	7.96576744658308e-14
244	7.88089598329777e-14
245	7.79634694557493e-14
246	7.71213113357562e-14
247	7.62823842139189e-14
248	7.54469964316913e-14
249	7.46150421019427e-14
250	7.37867184269149e-14
251	7.29619179256007e-14
252	7.21407338689662e-14
253	7.13231583899921e-14
254	7.05093772137393e-14
255	6.96991845989198e-14
256	6.88927625195869e-14
257	6.80901918972996e-14
258	6.72916445056831e-14
259	6.64971928412952e-14
260	6.57070916479525e-14
261	6.49213115214542e-14
262	6.41400967490266e-14
263	6.33635024802687e-14
264	6.25915814168061e-14
265	6.18242947528339e-14
266	6.10616925238300e-14
267	6.03039103024282e-14
268	5.95509045394241e-14
269	5.88026321795940e-14
270	5.80591365264275e-14
271	5.73206293185107e-14
272	5.65869768569585e-14
273	5.58584685340268e-14
274	5.51349676168051e-14
275	5.44165888695981e-14
276	5.37035251409578e-14
277	5.29957181512857e-14
278	5.22931914783220e-14
279	5.15960476485900e-14
280	5.09043854643727e-14
281	5.02181415277025e-14
282	4.95374108700116e-14
283	4.88622850368152e-14
284	4.81926969311600e-14
285	4.75287346774620e-14
286	4.68704065864541e-14
287	4.62178719534193e-14
288	4.55710583817166e-14
289	4.49299696117393e-14
290	4.42947573758248e-14
291	4.36654205524164e-14
292	4.30418837868960e-14
293	4.24242188363555e-14
294	4.18124947094330e-14
295	4.12066338310200e-14
296	4.06067028472583e-14
297	4.00126238369067e-14
298	3.94245317152641e-14
299	3.88424169236977e-14
300	3.82662693620250e-14
301	3.76961474353557e-14
302	3.71321068521954e-14
303	3.65741327651954e-14
304	3.60222776945430e-14
305	3.54765920073429e-14
306	3.49369902092375e-14
307	3.44035875916202e-14
308	3.38763636553651e-14
309	3.33552976537599e-14
310	3.28403034332087e-14
311	3.23315553026040e-14
312	3.18289006696450e-14
313	3.13324457877942e-14
314	3.08421664242000e-14
315	3.03579750898776e-14
316	2.98799739358798e-14
317	2.94081371597443e-14
318	2.89425008125271e-14
319	2.84829762161949e-14
320	2.80295373464911e-14
321	2.75823404806352e-14
322	2.71411748524966e-14
323	2.67061944173785e-14
324	2.62772503067137e-14
325	2.58544338178360e-14
326	2.54376565132216e-14
327	2.50269485891922e-14
328	2.46222806111603e-14
329	2.42236231872693e-14
330	2.38310044950154e-14
331	2.34443370245723e-14
332	2.30636483782013e-14
333	2.26888518703631e-14
334	2.23199745544454e-14
335	2.19570422115475e-14
336	2.15999684044870e-14
337	2.12487232767729e-14
338	2.09032770629368e-14
339	2.05636546041829e-14
340	2.02298253653110e-14
341	1.99017050496491e-14
342	1.95792642963543e-14
343	1.92624738467864e-14
344	1.89512516042506e-14
345	1.86455694384471e-14
346	1.83453993110800e-14
347	1.80506612457971e-14
348	1.77613282887986e-14
349	1.74774250070014e-14
350	1.71988725890623e-14
351	1.69256952210285e-14
352	1.66578655547261e-14
353	1.63953060872314e-14
354	1.61379905490191e-14
355	1.58859424770869e-14
356	1.56390360716021e-14
357	1.53972461731195e-14
358	1.51605477027763e-14
359	1.49288670475339e-14
360	1.47021317555452e-14
361	1.44803185953026e-14
362	1.42633565806208e-14
363	1.40512709431034e-14
364	1.38438967560718e-14
365	1.36413074265243e-14
366	1.34433872322447e-14
367	1.32501155872032e-14
368	1.30614256684070e-14
369	1.28772516891110e-14
370	1.26976204255383e-14
371	1.25223755799451e-14
372	1.23515449429926e-14
373	1.21850202132410e-14
374	1.20227846217854e-14
375	1.18647322668501e-14
376	1.17108477812091e-14
377	1.15611157706110e-14
378	1.14153892426268e-14
379	1.12736984621010e-14
380	1.11359859300884e-14
381	1.10021518481182e-14
382	1.08721840670013e-14
383	1.07460276523712e-14
384	1.06235859976309e-14
385	1.05048064703254e-14
386	1.03896792887931e-14
387	1.02781527360063e-14
388	1.01700926096519e-14
389	1.00654914227681e-14
390	9.96430036487655e-15
391	9.86647135082273e-15
392	9.77187543850993e-15
393	9.68054835557351e-15
394	9.59236336642220e-15
395	9.50727638237135e-15
396	9.42524396333708e-15
397	9.34618354163491e-15
398	9.27009310657173e-15
399	9.19689172755183e-15
400	9.12653903833972e-15
401	9.05899524984685e-15
402	8.99418232400788e-15
403	8.93206214170849e-15
404	8.87259713652122e-15
405	8.81567386189753e-15
406	8.76125695665990e-15
407	8.70931156930965e-15
408	8.65976569707973e-15
409	8.61251109621997e-15
410	8.56759060592212e-15
411	8.52482343687085e-15
412	8.48425369328441e-15
413	8.44581423307375e-15
414	8.40943905497687e-15
415	8.37502688418845e-15
416	8.34262312670695e-15
417	8.31209195003629e-15
418	8.28344347675758e-15
419	8.25658039702906e-15
420	8.23151372543237e-15
421	8.20814804930102e-15
422	8.18642483843509e-15
423	8.16635661857416e-15
424	8.14785096677405e-15
425	8.13085179018408e-15
426	8.11533848538702e-15
427	8.10118759460052e-15
428	8.08844896470382e-15
429	8.07696706210616e-15
430	8.06672475946319e-15
431	8.05770516560805e-15
432	8.04982444220328e-15
433	8.04310052345226e-15
434	8.03741781596034e-15
435	8.03279528883730e-15
436	8.02918554423405e-15
437	8.02654198354876e-15
438	8.02481879415073e-15
439	8.02400346474013e-15
440	8.02401889230767e-15
441	8.02482154783987e-15
442	8.02633654865785e-15
443	8.02855420186219e-15
444	8.03140134411321e-15
445	8.03483774004509e-15
446	8.03882383649783e-15
447	8.04332075130783e-15
448	8.04835273431057e-15
449	8.05385028235394e-15
450	8.05977605279743e-15
451	8.06612416319197e-15
452	8.07288882730518e-15
453	8.07997268747910e-15
454	8.08737132385068e-15
455	8.09501980897702e-15
456	8.10288448467364e-15
457	8.11093226634757e-15
458	8.11910074536910e-15
459	8.12732858806930e-15
460	8.13567403543152e-15
461	8.14401731049883e-15
462	8.15244631436697e-15
463	8.16084270391876e-15
464	8.16929401552377e-15
465	8.17768331122845e-15
466	8.18606888535114e-15
467	8.19439304461608e-15
468	8.20259908005805e-15
469	8.21068825975500e-15
470	8.21860507028288e-15
471	8.22629494543076e-15
472	8.23376053796980e-15
473	8.24094841872059e-15
474	8.24786188364456e-15
475	8.25447639863934e-15
476	8.26079552847049e-15
477	8.26676767976579e-15
478	8.27242446245140e-15
479	8.27776965002862e-15
480	8.28272532740837e-15
481	8.28735039458660e-15
482	8.29154086247519e-15
483	8.29532886482236e-15
484	8.29866572783349e-15
485	8.30150359941822e-15
486	8.30387507728179e-15
487	8.30573293548228e-15
488	8.30705707416361e-15
489	8.30788019245424e-15
490	8.30815613611434e-15
491	8.30789154541967e-15
492	8.30709297996346e-15
493	8.30576691974435e-15
494	8.30389407129121e-15
495	8.30145547809969e-15
496	8.29845800377226e-15
497	8.29485765709835e-15
498	8.29066174761413e-15
499	8.28585231379161e-15
500	8.28041170944360e-15
501	8.27432260571946e-15
502	8.26759288997056e-15
503	8.26020557727617e-15
504	8.25216866839782e-15
505	8.24351465732052e-15
506	8.23420208017280e-15
507	8.22426334105211e-15
508	8.21368176620501e-15
509	8.20244097237251e-15
510	8.19059719098291e-15
511	8.17808572831014e-15
512	8.16496253568435e-15
513	8.15118740939549e-15
514	8.13676827020568e-15
515	8.12171294551385e-15
516	8.10602917056776e-15
517	8.08970112795369e-15
518	8.07271327212303e-15
519	8.05509688814428e-15
520	8.03681323383051e-15
521	8.01789349799869e-15
522	7.99832239207020e-15
523	7.97808488873211e-15
524	7.95723473699597e-15
525	7.93573388616190e-15
526	7.91363555547162e-15
527	7.89092444409954e-15
528	7.86760800350335e-15
529	7.84369359889330e-15
530	7.81921083625269e-15
531	7.79412217578169e-15
532	7.76847929931894e-15
533	7.74226691335854e-15
534	7.71546997636158e-15
535	7.68813942798536e-15
536	7.66023815598237e-15
537	7.63181661492190e-15
538	7.60285953162566e-15
539	7.57339505513683e-15
540	7.54338641790631e-15
541	7.51290455625849e-15
542	7.48193398697077e-15
543	7.45045947373928e-15
544	7.41852960152566e-15
545	7.38615003378160e-15
546	7.35330533164597e-15
547	7.32002222164351e-15
548	7.28630617475546e-15
549	7.25216259980822e-15
550	7.21759684424032e-15
551	7.18265551021793e-15
552	7.14730220610430e-15
553	7.11158311585386e-15
554	7.07552333866815e-15
555	7.03910690361579e-15
556	7.00233837084867e-15
557	6.96528289624651e-15
558	6.92790399951970e-15
559	6.89022594705342e-15
560	6.85225267158871e-15
561	6.81402791882877e-15
562	6.77551539212857e-15
563	6.73675846945558e-15
564	6.69778020789161e-15
565	6.65854440425026e-15
566	6.61909368859846e-15
567	6.57945059057093e-15
568	6.53959844896128e-15
569	6.49955958915397e-15
570	6.45933672649095e-15
571	6.41895178265760e-15
572	6.37842638001419e-15
573	6.33776274195953e-15
574	6.29696306606498e-15
575	6.25608643729901e-15
576	6.21509660027521e-15
577	6.17405200316526e-15
578	6.13293519174655e-15
579	6.09176637446007e-15
580	6.05056548406103e-15
581	6.00935218116047e-15
582	5.96812733996357e-15
583	5.92689182313753e-15
584	5.88568326444984e-15
585	5.84450212731550e-15
586	5.80334886789333e-15
587	5.76224213908256e-15
588	5.72121848155351e-15
589	5.68024161654904e-15
590	5.63936585054649e-15
591	5.59859087896986e-15
592	5.55791639789629e-15
593	5.51735994175717e-15
594	5.47692102807869e-15
595	5.43663461302806e-15
596	5.39649986293934e-15
597	5.35651595017335e-15
598	5.31669959396325e-15
599	5.27706728558277e-15
600	5.23761786695982e-15
601	5.19838491635260e-15
602	5.15933230277501e-15
603	5.12052786972232e-15
604	5.08193539113791e-15
605	5.04357052409496e-15
606	5.00546579360546e-15
607	4.96760221426372e-15
608	4.93001194895312e-15
609	4.89270981748808e-15
610	4.85565986252013e-15
611	4.81892740557972e-15
612	4.78247641848631e-15
613	4.74632141327687e-15
614	4.71050998297101e-15
615	4.67498958115931e-15
616	4.63982405286073e-15
617	4.60499401713425e-15
618	4.57051318203694e-15
619	4.53637869641611e-15
620	4.50260405407939e-15
621	4.46921883116162e-15
622	4.43620356960234e-15
623	4.40355521123420e-15
624	4.37130294711407e-15
625	4.33944346547779e-15
626	4.30798949274057e-15
627	4.27692166712164e-15
628	4.24628448603618e-15
629	4.21604259106547e-15
630	4.18622428132589e-15
631	4.15682597473263e-15
632	4.12784412176630e-15
633	4.09930651757674e-15
634	4.07119377399983e-15
635	4.04351784920808e-15
636	4.01629053860850e-15
637	3.98950801643977e-15
638	3.96316649163263e-15
639	3.93727757126870e-15
640	3.91183738879093e-15
641	3.88685738078950e-15
642	3.86231838717287e-15
643	3.83826216614457e-15
644	3.81463918710686e-15
645	3.79149099608485e-15
646	3.76881351422706e-15
647	3.74658771293619e-15
648	3.72482466540104e-15
649	3.70352040131755e-15
650	3.68270068324978e-15
651	3.66233173385707e-15
652	3.64242445460462e-15
653	3.62298960231339e-15
654	3.60402312183096e-15
655	3.58553561720521e-15
656	3.56749381504214e-15
657	3.54992296965378e-15
658	3.53281903642881e-15
659	3.51617800678777e-15
660	3.49999590782343e-15
661	3.48426880194510e-15
662	3.46900710208731e-15
663	3.45419253844292e-15
664	3.43983550737688e-15
665	3.42593208147261e-15
666	3.41246422381330e-15
667	3.39944230507249e-15
668	3.38687656021376e-15
669	3.37473503674179e-15
670	3.36304205489410e-15
671	3.35177983091098e-15
672	3.34094467351194e-15
673	3.33053292383428e-15
674	3.32054095511506e-15
675	3.31097894223266e-15
676	3.30182947046957e-15
677	3.29308900802913e-15
678	3.28474040561506e-15
679	3.27680752970429e-15
680	3.26927325149888e-15
681	3.26212063238391e-15
682	3.25534641072416e-15
683	3.24896080263347e-15
684	3.24296048508567e-15
685	3.23731542180356e-15
686	3.23203591280866e-15
687	3.22711883597765e-15
688	3.22256109618439e-15
689	3.21835962503995e-15
690	3.21449820253765e-15
691	3.21097392725547e-15
692	3.20778392275638e-15
693	3.20492533734892e-15
694	3.20238231711503e-15
695	3.20016516074845e-15
696	3.19823223280985e-15
697	3.19661985652991e-15
698	3.19528666463687e-15
699	3.19425596062477e-15
700	3.19349955707465e-15
701	3.19301511849055e-15
702	3.19278760539332e-15
703	3.19282753568829e-15
704	3.19313264217190e-15
705	3.19366280583694e-15
706	3.19445388309380e-15
707	3.19546600532633e-15
708	3.19669729854914e-15
709	3.19815838636723e-15
710	3.19982242773936e-15
711	3.20168770110495e-15
712	3.20376487627844e-15
713	3.20601513003259e-15
714	3.20844929919909e-15
715	3.21106582218615e-15
716	3.21383867242761e-15
717	3.21676651901115e-15
718	3.21984804219909e-15
719	3.22306979612542e-15
720	3.22643058409456e-15
721	3.22991714943437e-15
722	3.23352841557683e-15
723	3.23726331496628e-15
724	3.24110881872408e-15
725	3.24506397599801e-15
726	3.24911593944813e-15
727	3.25326387215969e-15
728	3.25750694421329e-15
729	3.26180891244289e-15
730	3.26619280029969e-15
731	3.27064615153455e-15
732	3.27514493380085e-15
733	3.27970041005226e-15
734	3.28430042658623e-15
735	3.28892134566840e-15
736	3.29358611860362e-15
737	3.29825968759542e-15
738	3.30295345621976e-15
739	3.30765572544113e-15
740	3.31235492208734e-15
741	3.31703959757880e-15
742	3.32170982358231e-15
743	3.32636567130928e-15
744	3.33098453999833e-15
745	3.33556668230531e-15
746	3.34010107387562e-15
747	3.34458805400453e-15
748	3.34901674445909e-15
749	3.35338756907417e-15
750	3.35768979317808e-15
751	3.36191279494071e-15
752	3.36604605651517e-15
753	3.37010130391733e-15
754	3.37406806627045e-15
755	3.37793598514089e-15
756	3.38169481341864e-15
757	3.38536726425994e-15
758	3.38893212904383e-15
759	3.39239020904094e-15
760	3.39573143553438e-15
761	3.39895668300789e-15
762	3.40205601230737e-15
763	3.40503036933163e-15
764	3.40785919185071e-15
765	3.41054357962740e-15
766	3.41308462392621e-15
767	3.41546207452051e-15
768	3.41768781113708e-15
769	3.41973114875815e-15
770	3.42161464198866e-15
771	3.42331839052800e-15
772	3.42483323214556e-15
773	3.42617110630648e-15
774	3.42731240922644e-15
775	3.42825863794865e-15
776	3.42902169872056e-15
777	3.42959259139837e-15
778	3.42997277912455e-15
779	3.43016371383018e-15
780	3.43015652216167e-15
781	3.42996300083947e-15
782	3.42956404540282e-15
783	3.42897145598050e-15
784	3.42816628867896e-15
785	3.42715016274279e-15
786	3.42590437027891e-15
787	3.42444079226592e-15
788	3.42275098177215e-15
789	3.42081650124356e-15
790	3.41865932340847e-15
791	3.41626108583479e-15
792	3.41363362813081e-15
793	3.41076871724703e-15
794	3.40766816121613e-15
795	3.40432382553584e-15
796	3.40074746971417e-15
797	3.39694086083997e-15
798	3.39289589827552e-15
799	3.38862422624067e-15
800	3.38411776668093e-15
801	3.37937831185782e-15
802	3.37441741584660e-15
803	3.36921733038207e-15
804	3.36378961156242e-15
805	3.35811665359919e-15
806	3.35219068930445e-15
807	3.34601366886603e-15
808	3.33958752783147e-15
809	3.33290459882517e-15
810	3.32596685941430e-15
811	3.31877627236190e-15
812	3.31135382120521e-15
813	3.30369180481091e-15
814	3.29580154392165e-15
815	3.28769425261516e-15
816	3.27937161456759e-15
817	3.27082589922651e-15
818	3.26205883410929e-15
819	3.25306277803996e-15
820	3.24383016824534e-15
821	3.23435351962764e-15
822	3.22463471174504e-15
823	3.21466634506810e-15
824	3.20445958148866e-15
825	3.19402547918774e-15
826	3.18336579554349e-15
827	3.17249145074035e-15
828	3.16140410985993e-15
829	3.15012368889396e-15
830	3.13865169654894e-15
831	3.12698963037572e-15
832	3.11512991094704e-15
833	3.10306503482314e-15
834	3.09080561887816e-15
835	3.07833517914283e-15
836	3.06564637195382e-15
837	3.05274984333721e-15
838	3.03965614153453e-15
839	3.02634897180094e-15
840	3.01286556266126e-15
841	2.99919842740984e-15
842	2.98535785731968e-15
843	2.97134521821570e-15
844	2.95718829620251e-15
845	2.94286188190149e-15
846	2.92838484903506e-15
847	2.91374090476148e-15
848	2.89894009395875e-15
849	2.88397495635350e-15
850	2.86883810440652e-15
851	2.85354821631666e-15
852	2.83809784592637e-15
853	2.82249686605004e-15
854	2.80674645466308e-15
855	2.79087353618276e-15
856	2.77486196133994e-15
857	2.75873845841036e-15
858	2.74250393370658e-15
859	2.72615928692851e-15
860	2.70970541121572e-15
861	2.69315165902748e-15
862	2.67649040547051e-15
863	2.65973937783158e-15
864	2.64289091965079e-15
865	2.62594583439332e-15
866	2.60892165648507e-15
867	2.59180236377877e-15
868	2.57459707261836e-15
869	2.55731481702905e-15
870	2.53994796606453e-15
871	2.52250550532522e-15
872	2.50499633940277e-15
873	2.48741282292832e-15
874	2.46977202947751e-15
875	2.45207448338471e-15
876	2.43432888364325e-15
877	2.41653569095168e-15
878	2.39871978661567e-15
879	2.38086521224610e-15
880	2.36298857234826e-15
881	2.34508206332544e-15
882	2.32716215576842e-15
883	2.30922102328355e-15
884	2.29125894170169e-15
885	2.27328419783066e-15
886	2.25529700898336e-15
887	2.23729759070779e-15
888	2.21930207504474e-15
889	2.20129468426948e-15
890	2.18329939931391e-15
891	2.16530836363350e-15
892	2.14732956676315e-15
893	2.12936305638636e-15
894	2.11142458498798e-15
895	2.09349842351300e-15
896	2.07560807130654e-15
897	2.05774561699768e-15
898	2.03991878497036e-15
899	2.02213523053359e-15
900	2.00439479208799e-15
901	1.98669730994595e-15
902	1.96905805787075e-15
903	1.95147678086271e-15
904	1.93395322532220e-15
905	1.91649480211565e-15
906	1.89910120972297e-15
907	1.88178740700328e-15
908	1.86454538257314e-15
909	1.84738238595882e-15
910	1.83029802284250e-15
911	1.81329946374592e-15
912	1.79639381522713e-15
913	1.77958059096469e-15
914	1.76285930755603e-15
915	1.74622948449713e-15
916	1.72970560462618e-15
917	1.71327963146032e-15
918	1.69695104465974e-15
919	1.68073419002130e-15
920	1.66462845662624e-15
921	1.64862583800010e-15
922	1.63274054523003e-15
923	1.61697929764921e-15
924	1.60132670082793e-15
925	1.58580416887863e-15
926	1.57040365107002e-15
927	1.55513177196985e-15
928	1.53999509740066e-15
929	1.52499286246036e-15
930	1.51012430694571e-15
931	1.49538867531955e-15
932	1.48079966815766e-15
933	1.46634923605465e-15
934	1.45204378615022e-15
935	1.43788248945170e-15
936	1.42386452206055e-15
937	1.40999621400754e-15
938	1.39627670579663e-15
939	1.38271226167813e-15
940	1.36929488395444e-15
941	1.35603790551523e-15
942	1.34293332448786e-15
943	1.32998732112213e-15
944	1.31719897800024e-15
945	1.30457441174138e-15
946	1.29210565805373e-15
947	1.27980581396730e-15
948	1.26766691197437e-15
949	1.25568801872801e-15
950	1.24388211591011e-15
951	1.23224125181428e-15
952	1.22076445654814e-15
953	1.20945767510909e-15
954	1.19831300755218e-15
955	1.18734326399325e-15
956	1.17654054229683e-15
957	1.16591071071099e-15
958	1.15544590825003e-15
959	1.14515198678605e-15
960	1.13503474732970e-15
961	1.12508634755479e-15
962	1.11531257264288e-15
963	1.10571238933084e-15
964	1.09628477066883e-15
965	1.08702869597715e-15
966	1.07794315080340e-15
967	1.06903383928312e-15
968	1.06029301917940e-15
969	1.05172637933388e-15
970	1.04333288860278e-15
971	1.03510486487211e-15
972	1.02704797411017e-15
973	1.01916120373567e-15
974	1.01145016363006e-15
975	1.00390060727040e-15
976	9.96518170304812e-16
977	9.89308440254020e-16
978	9.82263832217482e-16
979	9.75383369993416e-16
980	9.68672618869634e-16
981	9.62124052192826e-16
982	9.55736711463369e-16
983	9.49509643962257e-16
984	9.43448385301959e-16
985	9.37545485319962e-16
986	9.31800008526737e-16
987	9.26217468320552e-16
988	9.20790471104926e-16
989	9.15518098274139e-16
990	9.10399436735566e-16
991	9.05433578872785e-16
992	9.00626001014673e-16
993	8.95963036542264e-16
994	8.91456538303972e-16
995	8.87092901715199e-16
996	8.82877611668272e-16
997	8.78809792644473e-16
998	8.74888574350735e-16
999	8.71106802210132e-16
1000	8.67469930884516e-16
1001	8.63964578677148e-16
1002	8.60602484427443e-16
1003	8.57370336124340e-16
1004	8.54273607072131e-16
1005	8.51299081593930e-16
1006	8.48458456579130e-16
1007	8.45738574684634e-16
1008	8.43144914465226e-16
1009	8.40676744173246e-16
1010	8.38321029789240e-16
1011	8.36089403372516e-16
1012	8.33968887787439e-16
1013	8.31958840663067e-16
1014	8.30070833120551e-16
1015	8.28285879660215e-16
1016	8.26615547024389e-16
1017	8.25059172030843e-16
1018	8.23603981368662e-16
1019	8.22255435978561e-16
1020	8.21012919559803e-16
1021	8.19869797929729e-16
1022	8.18825497276482e-16
1023	8.17867451192824e-16
1024	8.17007135286941e-16
1025	8.16226061717599e-16
1026	8.15535700356445e-16
1027	8.14923625469888e-16
1028	8.14389386487504e-16
1029	8.13944391972794e-16
1030	8.13570377283749e-16
1031	8.13278744826951e-16
1032	8.13057232462981e-16
1033	8.12917201839742e-16
1034	8.12846441626298e-16
1035	8.12850413153160e-16
1036	8.12916989472099e-16
1037	8.13039973454759e-16
1038	8.13230692850915e-16
1039	8.13477128650907e-16
1040	8.13773157037051e-16
1041	8.14124285467854e-16
1042	8.14524415948871e-16
1043	8.14967496606362e-16
1044	8.15464798994280e-16
1045	8.16004515186930e-16
1046	8.16586401327378e-16
1047	8.17210214956343e-16
1048	8.17875715003304e-16
1049	8.18576957310562e-16
1050	8.19313736124657e-16
1051	8.20080164036994e-16
1052	8.20876069799246e-16
1053	8.21701283098052e-16
1054	8.22555634593414e-16
1055	8.23427676318058e-16
1056	8.24322934014153e-16
1057	8.25235654481815e-16
1058	8.26165735607801e-16
1059	8.27107478569838e-16
1060	8.28066400813946e-16
1061	8.29036825657522e-16
1062	8.30018684686721e-16
1063	8.31006354612552e-16
1064	8.31999799100676e-16
1065	8.32993447596007e-16
1066	8.33992819365017e-16
1067	8.34986851188693e-16
1068	8.35986576172330e-16
1069	8.36975479431074e-16
1070	8.37964583647052e-16
1071	8.38942938860601e-16
1072	8.39916064020166e-16
1073	8.40873080322727e-16
1074	8.41819516300896e-16
1075	8.42749995565796e-16
1076	8.43670025583892e-16
1077	8.44568837577798e-16
1078	8.45451948163949e-16
1079	8.46308657880158e-16
1080	8.47149873949577e-16
1081	8.47964935671085e-16
1082	8.48753985185982e-16
1083	8.49517163853895e-16
1084	8.50254612257571e-16
1085	8.50961137837273e-16
1086	8.51636909069716e-16
1087	8.52282093506579e-16
1088	8.52891554762250e-16
1089	8.53465487746172e-16
1090	8.54004086299050e-16
1091	8.54507543199365e-16
1092	8.54970785913032e-16
1093	8.55394033985063e-16
1094	8.55777505759326e-16
1095	8.56121418385845e-16
1096	8.56420761908895e-16
1097	8.56680996069624e-16
1098	8.56897127494695e-16
1099	8.57064199514428e-16
1100	8.57192855908197e-16
1101	8.57267771099347e-16
1102	8.57299578382928e-16
1103	8.57278195558121e-16
1104	8.57214215799967e-16
1105	8.57097591478838e-16
1106	8.56928611769039e-16
1107	8.56712686896107e-16
1108	8.56439848411670e-16
1109	8.56120616859668e-16
1110	8.55745057646071e-16
1111	8.55318565560667e-16
1112	8.54836343799837e-16
1113	8.54303765634649e-16
1114	8.53716049367252e-16
1115	8.53073497474800e-16
1116	8.52376410798874e-16
1117	8.51625088555269e-16
1118	8.50819828343712e-16
1119	8.49955912764414e-16
1120	8.49033663047368e-16
1121	8.48058394219791e-16
1122	8.47025410738877e-16
1123	8.45935028744348e-16
1124	8.44792531584433e-16
1125	8.43588285364591e-16
1126	8.42322627630928e-16
1127	8.41005779122459e-16
1128	8.39633087494213e-16
1129	8.38199933819681e-16
1130	8.36716481283207e-16
1131	8.35173191335331e-16
1132	8.33575290115706e-16
1133	8.31923077138362e-16
1134	8.30211968616889e-16
1135	8.28447159758436e-16
1136	8.26628945231451e-16
1137	8.24752762148110e-16
1138	8.22823775075538e-16
1139	8.20842273922251e-16
1140	8.18798886111615e-16
1141	8.16708415258637e-16
1142	8.14561494071486e-16
1143	8.12363236668000e-16
1144	8.10109128423220e-16
1145	8.07804263482859e-16
1146	8.05448920928959e-16
1147	8.03043378361299e-16
1148	8.00583148496203e-16
1149	7.98073285973123e-16
1150	7.95514063932064e-16
1151	7.92905753617578e-16
1152	7.90248623049915e-16
1153	7.87547660591820e-16
1154	7.84793678412825e-16
1155	7.81996376145403e-16
1156	7.79151293620032e-16
1157	7.76263381114512e-16
1158	7.73332873633878e-16
1159	7.70360004944722e-16
1160	7.67345007582377e-16
1161	7.64288112858044e-16
1162	7.61194200234983e-16
1163	7.58058833251019e-16
1164	7.54886873061459e-16
1165	7.51678522370194e-16
1166	7.48429365276424e-16
1167	7.45144235707785e-16
1168	7.41823333125147e-16
1169	7.38471449819555e-16
1170	7.35084173590911e-16
1171	7.31666279040072e-16
1172	7.28217938113135e-16
1173	7.24739321851307e-16
1174	7.21230600396118e-16
1175	7.17691942994592e-16
1176	7.14128057379623e-16
1177	7.10539087903861e-16
1178	7.06920654177436e-16
1179	7.03281954664118e-16
1180	6.99618599776869e-16
1181	6.95930730848497e-16
1182	6.92222981894192e-16
1183	6.88495469991947e-16
1184	6.84748311599385e-16
1185	6.80981622557325e-16
1186	6.77195518093323e-16
1187	6.73394568492016e-16
1188	6.69578865280532e-16
1189	6.65748499496589e-16
1190	6.61899128452316e-16
1191	6.58044141932069e-16
1192	6.54174748186241e-16
1193	6.50295447359013e-16
1194	6.46410709589243e-16
1195	6.42516182730728e-16
1196	6.38611932658270e-16
1197	6.34702406450065e-16
1198	6.30792021593628e-16
1199	6.26876432246029e-16
1200	6.22955681209706e-16
1201	6.19034163146998e-16
1202	6.15111897002671e-16
1203	6.11188901268597e-16
1204	6.07269525102182e-16
1205	6.03349441616614e-16
1206	5.99432985445556e-16
1207	5.95520153232879e-16
1208	5.91615243775602e-16
1209	5.87718232369485e-16
1210	5.83824806452261e-16
1211	5.79939243623860e-16
1212	5.76065793243240e-16
1213	5.72200143040363e-16
1214	5.68346528555733e-16
1215	5.64509157401106e-16
1216	5.60679472143692e-16
1217	5.56865926589593e-16
1218	5.53068455329632e-16
1219	5.49286993253312e-16
1220	5.45517257568635e-16
1221	5.41771837693626e-16
1222	5.38038015468613e-16
1223	5.34328339579174e-16
1224	5.30634324335512e-16
1225	5.26964273748021e-16
1226	5.23313907126959e-16
1227	5.19687311495929e-16
1228	5.16084383895662e-16
1229	5.12509178300839e-16
1230	5.08957422752611e-16
1231	5.05429015776273e-16
1232	5.01927992613637e-16
1233	4.98458362161966e-16
1234	4.95011738578164e-16
1235	4.91596254772752e-16
1236	4.88207662301015e-16
1237	4.84849945701225e-16
1238	4.81522967310033e-16
1239	4.78226590111078e-16
1240	4.74960677731564e-16
1241	4.71729170929887e-16
1242	4.68531914932840e-16
1243	4.65364692306925e-16
1244	4.62231426175406e-16
1245	4.59131963891360e-16
1246	4.56070197378021e-16
1247	4.53041918604575e-16
1248	4.50051008018198e-16
1249	4.47093272057487e-16
1250	4.44176597764151e-16
1251	4.41292774983495e-16
1252	4.38445660780451e-16
1253	4.35639087239611e-16
1254	4.32868876854207e-16
1255	4.30138850586207e-16
1256	4.27448825060913e-16
1257	4.24798617764818e-16
1258	4.22188047041082e-16
1259	4.19612971278834e-16
1260	4.17085092939698e-16
1261	4.14592350491354e-16
1262	4.12142468470040e-16
1263	4.09735250723262e-16
1264	4.07366572472331e-16
1265	4.05040181358244e-16
1266	4.02751966782401e-16
1267	4.00509576661624e-16
1268	3.98308896008869e-16
1269	3.96149734069553e-16
1270	3.94031900979677e-16
1271	3.91955207761183e-16
1272	3.89923346608850e-16
1273	3.87932237828160e-16
1274	3.85981308302020e-16
1275	3.84074236471884e-16
1276	3.82209664624364e-16
1277	3.80387398215633e-16
1278	3.78607243606701e-16
1279	3.76869008058728e-16
1280	3.75172882924179e-16
1281	3.73518675457110e-16
1282	3.71906193806199e-16
1283	3.70335247010117e-16
1284	3.68805644992927e-16
1285	3.67317578780224e-16
1286	3.65870478650723e-16
1287	3.64464536201821e-16
1288	3.63099184641199e-16
1289	3.61774238260007e-16
1290	3.60490266767934e-16
1291	3.59246329272010e-16
1292	3.58042242633225e-16
1293	3.56877824557678e-16
1294	3.55753268544362e-16
1295	3.54667269120204e-16
1296	3.53620397560857e-16
1297	3.52611728465185e-16
1298	3.51641459789604e-16
1299	3.50708671783907e-16
1300	3.49813193081762e-16
1301	3.48954853386539e-16
1302	3.48133113950306e-16
1303	3.47347439349450e-16
1304	3.46597297184556e-16
1305	3.45883264043940e-16
1306	3.45203704160863e-16
1307	3.44558829185645e-16
1308	3.43948115290250e-16
1309	3.43371041602868e-16
1310	3.42826724339091e-16
1311	3.42315380752771e-16
1312	3.41836132331125e-16
1313	3.41388469863749e-16
1314	3.40971887015203e-16
1315	3.40585880309047e-16
1316	3.40229949111979e-16
1317	3.39903595618062e-16
1318	3.39606324833050e-16
1319	3.39337644558804e-16
1320	3.39096705045564e-16
1321	3.38883381063534e-16
1322	3.38697188706624e-16
1323	3.38536929402368e-16
1324	3.38402486106711e-16
1325	3.38293027066820e-16
1326	3.38208082448051e-16
1327	3.38147185075961e-16
1328	3.38109514416028e-16
1329	3.38094254706022e-16
1330	3.38101304801613e-16
1331	3.38129855207931e-16
1332	3.38178747266087e-16
1333	3.38248242484109e-16
1334	3.38337189419737e-16
1335	3.38444795670329e-16
1336	3.38570976956732e-16
1337	3.38714595686734e-16
1338	3.38875573058329e-16
1339	3.39052780075721e-16
1340	3.39245444022711e-16
1341	3.39453494959575e-16
1342	3.39675817402601e-16
1343	3.39911998606470e-16
1344	3.40160933020451e-16
1345	3.40422562771922e-16
1346	3.40695790594429e-16
1347	3.40980217723330e-16
1348	3.41274756634559e-16
1349	3.41579361210718e-16
1350	3.41892952037338e-16
1351	3.42215144223497e-16
1352	3.42545212488400e-16
1353	3.42883464926179e-16
1354	3.43225755656854e-16
1355	3.43576854280602e-16
1356	3.43933307203419e-16
1357	3.44295090694149e-16
1358	3.44662181126518e-16
1359	3.45031155428069e-16
1360	3.45402005167752e-16
1361	3.45774721951840e-16
1362	3.46152682020283e-16
1363	3.46529102897646e-16
1364	3.46907365871277e-16
1365	3.47287462694903e-16
1366	3.47662655536993e-16
1367	3.48039685522874e-16
1368	3.48415189467331e-16
1369	3.48785823812434e-16
1370	3.49158300114600e-16
1371	3.49522589218092e-16
1372	3.49885397672034e-16
1373	3.50243401226532e-16
1374	3.50596620738600e-16
1375	3.50941756052000e-16
1376	3.51282158411914e-16
1377	3.51617848372809e-16
1378	3.51945539916110e-16
1379	3.52265267794022e-16
1380	3.52573769697711e-16
1381	3.52877678669596e-16
1382	3.53170439941545e-16
1383	3.53452101917973e-16
1384	3.53722712793491e-16
1385	3.53985593711123e-16
1386	3.54237509852155e-16
1387	3.54475245090547e-16
1388	3.54702119948879e-16
1389	3.54914927248480e-16
1390	3.55116977643593e-16
1391	3.55305072866799e-16
1392	3.55479273416955e-16
1393	3.55642875215041e-16
1394	3.55789462234110e-16
1395	3.55919108110804e-16
1396	3.56035107960817e-16
1397	3.56137520960871e-16
1398	3.56219980857769e-16
1399	3.56288989853010e-16
1400	3.56338199466720e-16
1401	3.56374092972742e-16
1402	3.56390339845460e-16
1403	3.56390214978175e-16
1404	3.56373789538609e-16
1405	3.56337953721850e-16
1406	3.56282791649715e-16
1407	3.56208387083631e-16
1408	3.56117990558755e-16
1409	3.56005346363653e-16
1410	3.55876866980343e-16
1411	3.55726313957989e-16
1412	3.55556931921506e-16
1413	3.55365657739801e-16
1414	3.55155726354410e-16
1415	3.54924082790792e-16
1416	3.54673952352057e-16
1417	3.54402288189581e-16
1418	3.54112306012706e-16
1419	3.53800967068229e-16
1420	3.53468363667837e-16
1421	3.53114587730713e-16
1422	3.52739730785382e-16
1423	3.52346984708886e-16
1424	3.51930234427343e-16
1425	3.51492675406688e-16
1426	3.51034397631053e-16
1427	3.50552407318474e-16
1428	3.50049885707134e-16
1429	3.49526921614637e-16
1430	3.48983603482454e-16
1431	3.48416953200714e-16
1432	3.47830133199615e-16
1433	3.47220173148729e-16
1434	3.46590226125888e-16
1435	3.45937329551674e-16
1436	3.45264627194704e-16
1437	3.44569164198259e-16
1438	3.43851038656183e-16
1439	3.43113380440359e-16
1440	3.42356274194876e-16
1441	3.41576780423990e-16
1442	3.40774995632766e-16
1443	3.39951015920549e-16
1444	3.39107948219077e-16
1445	3.38242868255810e-16
1446	3.37355870950079e-16
1447	3.36450049590234e-16
1448	3.35522491255224e-16
1449	3.34573289700556e-16
1450	3.33605524664571e-16
1451	3.32619276624121e-16
1452	3.31611646945256e-16
1453	3.30582726954535e-16
1454	3.29535577570437e-16
1455	3.28470277120658e-16
1456	3.27386903605939e-16
1457	3.26285534701564e-16
1458	3.25163294054309e-16
1459	3.24023220489929e-16
1460	3.22865390691375e-16
1461	3.21689881022179e-16
1462	3.20496767527918e-16
1463	3.19286125937675e-16
1464	3.18058031665489e-16
1465	3.16812559811798e-16
1466	3.15552706731432e-16
1467	3.14275617374706e-16
1468	3.12984279548246e-16
1469	3.11675845594465e-16
1470	3.10350389115665e-16
1471	3.09013786900762e-16
1472	3.07660292691381e-16
1473	3.06289979226310e-16
1474	3.04908698843527e-16
1475	3.03510728116466e-16
1476	3.02101903184597e-16
1477	3.00679394010815e-16
1478	2.99243260259626e-16
1479	2.97796431797998e-16
1480	2.96336089593894e-16
1481	2.94865155301324e-16
1482	2.93380817198570e-16
1483	2.91885988762154e-16
1484	2.90383567846090e-16
1485	2.88867894833521e-16
1486	2.87344714515043e-16
1487	2.85808382236965e-16
1488	2.84264627086937e-16
1489	2.82713483389817e-16
1490	2.81150742969351e-16
1491	2.79580693593545e-16
1492	2.78002804990069e-16
1493	2.76417394831561e-16
1494	2.74824497820977e-16
1495	2.73224710387645e-16
1496	2.71618345253215e-16
1497	2.70005993692017e-16
1498	2.68387684233855e-16
1499	2.66764004166270e-16
1500	2.65135258611807e-16
1501	2.63501750933474e-16
1502	2.61864338903874e-16
1503	2.60222763779415e-16
1504	2.58577600966703e-16
1505	2.56929422837774e-16
1506	2.55278245048839e-16
1507	2.53624359669965e-16
1508	2.51968333353164e-16
1509	2.50310454013750e-16
1510	2.48651008053924e-16
1511	2.46990280370265e-16
1512	2.45329378329290e-16
1513	2.43668031986808e-16
1514	2.42007068549440e-16
1515	2.40347037291194e-16
1516	2.38687938169342e-16
1517	2.37030316834711e-16
1518	2.35374716059540e-16
1519	2.33721131489078e-16
1520	2.32070102327942e-16
1521	2.30421893519757e-16
1522	2.28776768603228e-16
1523	2.27134989719073e-16
1524	2.25497087966101e-16
1525	2.23863321646747e-16
1526	2.22234217331454e-16
1527	2.20609760235889e-16
1528	2.18990473501240e-16
1529	2.17376877509476e-16
1530	2.15768953429621e-16
1531	2.14167218266854e-16
1532	2.12571651231408e-16
1533	2.10983033165880e-16
1534	2.09401340300744e-16
1535	2.07826815444512e-16
1536	2.06259966249531e-16
1537	2.04700500300928e-16
1538	2.03149453921612e-16
1539	2.01606797587246e-16
1540	2.00072766646714e-16
1541	1.98547595185522e-16
1542	1.97032044184784e-16
1543	1.95525815700808e-16
1544	1.94029666855916e-16
1545	1.92543298599062e-16
1546	1.91067464223481e-16
1547	1.89602388335064e-16
1548	1.88147770259169e-16
1549	1.86704357602447e-16
1550	1.85272109988187e-16
1551	1.83851248185902e-16
1552	1.82441991662066e-16
1553	1.81044819019104e-16
1554	1.79659426294440e-16
1555	1.78286290070832e-16
1556	1.76925625076710e-16
1557	1.75577644877287e-16
1558	1.74242561880252e-16
1559	1.72920587341439e-16
1560	1.71611673351050e-16
1561	1.70316029869188e-16
1562	1.69034123076401e-16
1563	1.67765645612964e-16
1564	1.66511318429850e-16
1565	1.65270833233754e-16
1566	1.64044651376085e-16
1567	1.62832464626604e-16
1568	1.61634732439219e-16
1569	1.60451656789734e-16
1570	1.59282929067027e-16
1571	1.58129259839050e-16
1572	1.56990085508035e-16
1573	1.55865860362113e-16
1574	1.54756782860421e-16
1575	1.53662797252723e-16
1576	1.52583847998465e-16
1577	1.51520384742393e-16
1578	1.50472350441825e-16
1579	1.49439940117660e-16
1580	1.48422844668558e-16
1581	1.47421510119282e-16
1582	1.46435878376597e-16
1583	1.45465891565244e-16
1584	1.44511492027020e-16
1585	1.43572622319880e-16
1586	1.42649724480451e-16
1587	1.41742490292582e-16
1588	1.40850862019427e-16
1589	1.39975030830542e-16
1590	1.39114938482522e-16
1591	1.38270526949800e-16
1592	1.37441986177940e-16
1593	1.36629010198413e-16
1594	1.35831788768558e-16
1595	1.35050263797801e-16
1596	1.34284130898119e-16
1597	1.33533825748755e-16
1598	1.32799044083528e-16
1599	1.32079483083352e-16
1600	1.31375822504062e-16
1601	1.30687268836926e-16
1602	1.30014011408092e-16
1603	1.29355994227685e-16
1604	1.28713161513607e-16
1605	1.28085457690680e-16
1606	1.27472583934928e-16
1607	1.26874729142916e-16
1608	1.26291595503596e-16
1609	1.25723129164290e-16
1610	1.25169276471639e-16
1611	1.24629983970778e-16
1612	1.24105198404518e-16
1613	1.23594625365496e-16
1614	1.23098212886084e-16
1615	1.22615909190569e-16
1616	1.22147662694367e-16
1617	1.21693181848403e-16
1618	1.21252416338005e-16
1619	1.20825076471947e-16
1620	1.20411113192487e-16
1621	1.20010477622572e-16
1622	1.19622882388132e-16
1623	1.19248279853080e-16
1624	1.18886384466918e-16
1625	1.18537149821840e-16
1626	1.18200529680589e-16
1627	1.17876003550382e-16
1628	1.17563764201845e-16
1629	1.17263530143334e-16
1630	1.16975021208451e-16
1631	1.16698194600992e-16
1632	1.16432771919766e-16
1633	1.16178476074082e-16
1634	1.15935501648303e-16
1635	1.15703337532180e-16
1636	1.15481709673269e-16
1637	1.15270813957778e-16
1638	1.15070143153664e-16
1639	1.14879659961136e-16
1640	1.14699093748610e-16
1641	1.14528175157678e-16
1642	1.14366868997184e-16
1643	1.14214907587873e-16
1644	1.14072256843288e-16
1645	1.13938418698490e-16
1646	1.13813361005751e-16
1647	1.13696820246129e-16
1648	1.13588534140352e-16
1649	1.13488472570537e-16
1650	1.13396144233273e-16
1651	1.13311521032512e-16
1652	1.13234575484465e-16
1653	1.13164590897760e-16
1654	1.13102001679994e-16
1655	1.13046093827518e-16
1656	1.12996614710996e-16
1657	1.12953770297895e-16
1658	1.12917080251023e-16
1659	1.12886522824329e-16
1660	1.12861620593974e-16
1661	1.12842353614828e-16
1662	1.12828247353313e-16
1663	1.12819510702887e-16
1664	1.12815671179125e-16
1665	1.12816485054901e-16
1666	1.12821709751586e-16
1667	1.12831329802581e-16
1668	1.12845104098529e-16
1669	1.12862567238576e-16
1670	1.12883706347684e-16
1671	1.12908283708129e-16
1672	1.12936062723140e-16
1673	1.12966807911907e-16
1674	1.13000508987957e-16
1675	1.13036708069329e-16
1676	1.13075396543795e-16
1677	1.13116342546949e-16
1678	1.13159538325170e-16
1679	1.13204307898802e-16
1680	1.13250645953952e-16
1681	1.13298769416866e-16
1682	1.13347784388663e-16
1683	1.13397909678752e-16
1684	1.13448920192473e-16
1685	1.13500591898539e-16
1686	1.13552701824317e-16
1687	1.13605028051130e-16
1688	1.13657570092424e-16
1689	1.13710107341003e-16
1690	1.13762200370757e-16
1691	1.13813851036867e-16
1692	1.13865061187608e-16
1693	1.13915175414129e-16
1694	1.13964635527348e-16
1695	1.14012569857571e-16
1696	1.14059420702679e-16
1697	1.14104756074520e-16
1698	1.14148146023530e-16
1699	1.14189815247398e-16
1700	1.14229552828218e-16
1701	1.14267148873506e-16
1702	1.14302394592232e-16
1703	1.14335298728108e-16
1704	1.14365653728697e-16
1705	1.14393469035799e-16
1706	1.14418322541059e-16
1707	1.14440225134784e-16
1708	1.14458972415119e-16
1709	1.14474790951796e-16
1710	1.14487047266991e-16
1711	1.14495968852691e-16
1712	1.14501139406116e-16
1713	1.14502572579135e-16
1714	1.14500281975242e-16
1715	1.14494067649470e-16
1716	1.14483943855213e-16
1717	1.14469498788775e-16
1718	1.14450748089861e-16
1719	1.14427919851100e-16
1720	1.14400392077621e-16
1721	1.14368605753902e-16
1722	1.14332152761748e-16
1723	1.14290838416856e-16
1724	1.14245102789515e-16
1725	1.14194328765843e-16
1726	1.14138534473667e-16
1727	1.14077948521599e-16
1728	1.14012167577941e-16
1729	1.13941210310899e-16
1730	1.13865095323220e-16
1731	1.13783631579643e-16
1732	1.13696838278339e-16
1733	1.13604525460768e-16
1734	1.13506712914007e-16
1735	1.13403211748081e-16
1736	1.13294459067858e-16
1737	1.13180057477279e-16
1738	1.13060027206336e-16
1739	1.12934388414416e-16
1740	1.12803161190567e-16
1741	1.12666365553773e-16
1742	1.12523814518039e-16
1743	1.12375528674955e-16
1744	1.12221322083439e-16
1745	1.12061628350369e-16
1746	1.11895849178405e-16
1747	1.11724212040758e-16
1748	1.11546943394053e-16
1749	1.11363447552496e-16
1750	1.11174361862310e-16
1751	1.10979296662641e-16
1752	1.10778477629021e-16
1753	1.10571925032855e-16
1754	1.10359454961403e-16
1755	1.10141088243816e-16
1756	1.09917049287039e-16
1757	1.09687154663864e-16
1758	1.09451424989978e-16
1759	1.09209880810055e-16
1760	1.08962745323279e-16
1761	1.08709835747649e-16
1762	1.08451172417599e-16
1763	1.08186977633725e-16
1764	1.07917069096877e-16
1765	1.07641870090867e-16
1766	1.07361197953712e-16
1767	1.07075071992959e-16
1768	1.06783712345142e-16
1769	1.06487137504428e-16
1770	1.06185365901477e-16
1771	1.05878415903684e-16
1772	1.05566305815416e-16
1773	1.05249253642387e-16
1774	1.04927077349317e-16
1775	1.04600193682744e-16
1776	1.04268221172449e-16
1777	1.03931575546762e-16
1778	1.03590273398832e-16
1779	1.03244132845639e-16
1780	1.02893567428238e-16
1781	1.02538394927323e-16
1782	1.02178829461837e-16
1783	1.01814886677645e-16
1784	1.01446779476005e-16
1785	1.01074325644993e-16
1786	1.00697934406344e-16
1787	1.00317619872713e-16
1788	9.99331996810444e-17
1789	9.95450809217251e-17
1790	9.91532769045286e-17
1791	9.87576051235769e-17
1792	9.83584705561298e-17
1793	9.79558857205899e-17
1794	9.75496679764302e-17
1795	9.71402202057992e-17
1796	9.67273594652345e-17
1797	9.63114870331374e-17
1798	9.58924196688168e-17
1799	9.54705570569515e-17
1800	9.50457156652693e-17
1801	9.46182935227280e-17
1802	9.41882998399047e-17
1803	9.37557437242675e-17
1804	9.33208272118799e-17
1805	9.28837514532833e-17
1806	9.24445241846948e-17
1807	9.20031531160315e-17
1808	9.15598380378694e-17
1809	9.11145859710009e-17
1810	9.06675955949880e-17
1811	9.02188732482072e-17
1812	8.97686165072921e-17
1813	8.93168310348495e-17
1814	8.88637133126023e-17
1815	8.84094589622813e-17
1816	8.79540723306853e-17
1817	8.74977479586145e-17
1818	8.70404895355191e-17
1819	8.65824905291041e-17
1820	8.61237539778900e-17
1821	8.56644722842564e-17
1822	8.52048370089147e-17
1823	8.47446609556829e-17
1824	8.42841352547642e-17
1825	8.38236387464609e-17
1826	8.33629835961065e-17
1827	8.29023590570924e-17
1828	8.24419535555896e-17
1829	8.19819546939385e-17
1830	8.15221742202064e-17
1831	8.10631739518496e-17
1832	8.06047648222590e-17
1833	8.01471323943081e-17
1834	7.96902747197038e-17
1835	7.92343763525641e-17
1836	7.87796210405304e-17
1837	7.83258195462040e-17
1838	7.78733411169866e-17
1839	7.74219963319923e-17
1840	7.69721530430812e-17
1841	7.65238069337315e-17
1842	7.60769537008507e-17
1843	7.56319588178651e-17
1844	7.51886321247627e-17
1845	7.47471532412126e-17
1846	7.43077010030178e-17
1847	7.38704534653036e-17
1848	7.34350362574433e-17
1849	7.30019950397653e-17
1850	7.25711391658949e-17
1851	7.21426453782431e-17
1852	7.17166896441202e-17
1853	7.12930813781792e-17
1854	7.08721788925969e-17
1855	7.04539739510259e-17
1856	7.00386406445757e-17
1857	6.96259880950662e-17
1858	6.92163719634958e-17
1859	6.88096012309064e-17
1860	6.84062117623857e-17
1861	6.80056491705358e-17
1862	6.76084482092508e-17
1863	6.72145985244245e-17
1864	6.68240897947607e-17
1865	6.64369117316578e-17
1866	6.60530540790921e-17
1867	6.56728669337560e-17
1868	6.52963389477104e-17
1869	6.49232790341005e-17
1870	6.45540356586402e-17
1871	6.41885970043342e-17
1872	6.38267720923240e-17
1873	6.34689077701005e-17
1874	6.31148129416770e-17
1875	6.27648331918075e-17
1876	6.24187773111278e-17
1877	6.20768113829648e-17
1878	6.17389227138243e-17
1879	6.14050986503335e-17
1880	6.10753265790990e-17
1881	6.07499489045758e-17
1882	6.04287746613169e-17
1883	6.01117907921751e-17
1884	5.97989842812142e-17
1885	5.94905188902990e-17
1886	5.91865576729348e-17
1887	5.88867338899270e-17
1888	5.85913870427441e-17
1889	5.83003272141968e-17
1890	5.80137168817264e-17
1891	5.77315422041227e-17
1892	5.74539648154823e-17
1893	5.71807951593944e-17
1894	5.69120195258294e-17
1895	5.66477991247341e-17
1896	5.63881197790655e-17
1897	5.61329673563542e-17
1898	5.58823277685484e-17
1899	5.56361869718588e-17
1900	5.53947049245011e-17
1901	5.51575195638403e-17
1902	5.49249646705194e-17
1903	5.46968523703416e-17
1904	5.44733420186463e-17
1905	5.42542461948927e-17
1906	5.40397239789588e-17
1907	5.38295884021919e-17
1908	5.36238257669661e-17
1909	5.34227670624691e-17
1910	5.32260533115283e-17
1911	5.30336709465738e-17
1912	5.28457782242639e-17
1913	5.26621895211020e-17
1914	5.24828913973691e-17
1915	5.23080416994729e-17
1916	5.21374554702228e-17
1917	5.19711193964185e-17
1918	5.18090202064599e-17
1919	5.16513152013311e-17
1920	5.14976499523999e-17
1921	5.13481820209527e-17
1922	5.12028983003520e-17
1923	5.10616159022323e-17
1924	5.09246616232458e-17
1925	5.07915135396392e-17
1926	5.06623290569230e-17
1927	5.05372649151788e-17
1928	5.04159703621852e-17
1929	5.02986023906007e-17
1930	5.01851487372469e-17
1931	5.00754287583312e-17
1932	4.99692625451043e-17
1933	4.98669751325863e-17
1934	4.97682186133717e-17
1935	4.96731496753348e-17
1936	4.95815892475578e-17
1937	4.94935263638022e-17
1938	4.94089500918699e-17
1939	4.93276825012379e-17
1940	4.92497132437674e-17
1941	4.91750320034156e-17
1942	4.91036284961247e-17
1943	4.90354924697122e-17
1944	4.89702813550513e-17
1945	4.89081519916652e-17
1946	4.88490947323303e-17
1947	4.87929342969047e-17
1948	4.87396616077926e-17
1949	4.86891022924402e-17
1950	4.86412478377708e-17
1951	4.85962548195450e-17
1952	4.85537850296215e-17
1953	4.85138310069415e-17
1954	4.84763853130512e-17
1955	4.84414405320253e-17
1956	4.84088251282125e-17
1957	4.83785322335050e-17
1958	4.83505550005551e-17
1959	4.83247229627463e-17
1960	4.83010298147240e-17
1961	4.82794692701526e-17
1962	4.82597087815708e-17
1963	4.82420690450917e-17
1964	4.82262182134651e-17
1965	4.82119884256078e-17
1966	4.81996999287105e-17
1967	4.81890224154419e-17
1968	4.81797890615422e-17
1969	4.81723196625349e-17
1970	4.81661236211257e-17
1971	4.81613589406454e-17
1972	4.81580214897468e-17
1973	4.81557844964729e-17
1974	4.81548059974150e-17
1975	4.81550823859746e-17
1976	4.81562883920629e-17
1977	4.81584214062582e-17
1978	4.81614788268375e-17
1979	4.81652977097805e-17
1980	4.81700361424310e-17
1981	4.81753714923948e-17
1982	4.81814620211867e-17
1983	4.81881459425759e-17
1984	4.81952621200656e-17
1985	4.82029688290595e-17
1986	4.82109460407528e-17
1987	4.82193521974902e-17
1988	4.82280273000033e-17
1989	4.82368119909360e-17
1990	4.82458647176272e-17
1991	4.82550264439897e-17
1992	4.82641387715052e-17
1993	4.82730439368265e-17
1994	4.82820586508629e-17
1995	4.82907094112967e-17
1996	4.82993127666741e-17
1997	4.83075541068576e-17
1998	4.83152773964496e-17
1999	4.83227986999160e-17
2000	4.83296478139892e-17
2001	4.83361406256524e-17
2002	4.83419649686625e-17
2003	4.83471229759146e-17
2004	4.83516167737900e-17
2005	4.83554484821781e-17
2006	4.83584641509172e-17
2007	4.83605104451643e-17
2008	4.83617461489540e-17
2009	4.83620182213231e-17
2010	4.83613296757343e-17
2011	4.83595282278383e-17
2012	4.83566173357378e-17
2013	4.83524454667469e-17
2014	4.83471713461186e-17
2015	4.83406437271245e-17
2016	4.83327119661770e-17
2017	4.83236891198179e-17
2018	4.83131159407943e-17
2019	4.83013053079196e-17
2020	4.82879532326493e-17
2021	4.82732182011489e-17
2022	4.82571044732594e-17
2023	4.82393093913842e-17
2024	4.82199913999541e-17
2025	4.81991551732379e-17
2026	4.81764993748548e-17
2027	4.81521824038794e-17
2028	4.81262093433751e-17
2029	4.80984327148764e-17
2030	4.80688580217666e-17
2031	4.80376429971291e-17
2032	4.80044884695357e-17
2033	4.79694003425885e-17
2034	4.79325362997646e-17
2035	4.78937501138658e-17
2036	4.78530476365702e-17
2037	4.78102833513629e-17
2038	4.77656147228413e-17
2039	4.77188964958726e-17
2040	4.76701348962264e-17
2041	4.76191853729197e-17
2042	4.75662051682378e-17
2043	4.75112004520138e-17
2044	4.74540270596172e-17
2045	4.73948417343585e-17
2046	4.73335005681856e-17
2047	4.72698602209464e-17
2048	4.72042271074061e-17
2049	4.71364577022634e-17
2050	4.70665584834893e-17
2051	4.69943866225246e-17
2052	4.69200981657345e-17
2053	4.68435505600193e-17
2054	4.67647506696792e-17
2055	4.66837053387216e-17
2056	4.66005699579655e-17
2057	4.65150540525736e-17
2058	4.64274613961883e-17
2059	4.63375020513669e-17
2060	4.62454791750766e-17
2061	4.61511033658489e-17
2062	4.60546771659140e-17
2063	4.59559117083618e-17
2064	4.58549615047492e-17
2065	4.57519804749106e-17
2066	4.56466805511293e-17
2067	4.55392157568555e-17
2068	4.54297395264954e-17
2069	4.53179645883661e-17
2070	4.52041910449625e-17
2071	4.50882785767850e-17
2072	4.49700874114304e-17
2073	4.48499167443439e-17
2074	4.47276266236390e-17
2075	4.46033693610541e-17
2076	4.44768595307262e-17
2077	4.43483951258990e-17
2078	4.42178366834428e-17
2079	4.40853358796593e-17
2080	4.39508986544037e-17
2081	4.38145309300869e-17
2082	4.36762386117322e-17
2083	4.35360275870317e-17
2084	4.33939037264018e-17
2085	4.32501618109523e-17
2086	4.31043738695208e-17
2087	4.29568345114968e-17
2088	4.28076931744398e-17
2089	4.26566669945687e-17
2090	4.25039055159149e-17
2091	4.23494140795283e-17
2092	4.21931980107997e-17
2093	4.20354059814820e-17
2094	4.18760428752156e-17
2095	4.17149704728631e-17
2096	4.15524799428038e-17
2097	4.13884329007077e-17
2098	4.12228341731593e-17
2099	4.10558311163289e-17
2100	4.08872857134294e-17
2101	4.07173449803280e-17
2102	4.05460130746043e-17
2103	4.03732941003606e-17
2104	4.01991921498709e-17
2105	4.00238530361037e-17
2106	3.98471388262348e-17
2107	3.96693365050665e-17
2108	3.94901666546858e-17
2109	3.93100568969818e-17
2110	3.91287279283732e-17
2111	3.89464652183377e-17
2112	3.87631307745732e-17
2113	3.85788684525827e-17
2114	3.83935405095447e-17
2115	3.82074309130185e-17
2116	3.80204017711071e-17
2117	3.78325959760908e-17
2118	3.76438758865130e-17
2119	3.74545239812592e-17
2120	3.72642627385934e-17
2121	3.70735136982332e-17
2122	3.68819994579189e-17
2123	3.66898616810909e-17
2124	3.64973807086169e-17
2125	3.63041404393380e-17
2126	3.61105600199236e-17
2127	3.59165017577459e-17
2128	3.57221058504514e-17
2129	3.55273734146211e-17
2130	3.53321671378093e-17
2131	3.51367651113200e-17
2132	3.49410298861029e-17
2133	3.47451006023157e-17
2134	3.45489779722241e-17
2135	3.43528004842111e-17
2136	3.41565684593992e-17
2137	3.39601446972887e-17
2138	3.37638046866030e-17
2139	3.35675483595503e-17
2140	3.33713756483730e-17
2141	3.31752864853476e-17
2142	3.29794176822284e-17
2143	3.27836320365448e-17
2144	3.25882027297120e-17
2145	3.23929924337827e-17
2146	3.21980007013524e-17
2147	3.20033633289090e-17
2148	3.18090794908485e-17
2149	3.16152843530982e-17
2150	3.14218408520854e-17
2151	3.12288839035284e-17
2152	3.10364123011019e-17
2153	3.08445603240583e-17
2154	3.06531910340616e-17
2155	3.04625736993744e-17
2156	3.02724361564596e-17
2157	3.00830471798024e-17
2158	2.98944048313072e-17
2159	2.97063724452870e-17
2160	2.95192176845155e-17
2161	2.93328037688935e-17
2162	2.91472631405152e-17
2163	2.89625935148548e-17
2164	2.87787926135918e-17
2165	2.85958581645916e-17
2166	2.84139217654880e-17
2167	2.82329807859906e-17
2168	2.80530326029635e-17
2169	2.78740746004036e-17
2170	2.76962375400819e-17
2171	2.75193852039141e-17
2172	2.73437812481029e-17
2173	2.71692893479007e-17
2174	2.69960394377021e-17
2175	2.68240282130716e-17
2176	2.66532523785709e-17
2177	2.64837086477311e-17
2178	2.63153937430257e-17
2179	2.61484366673022e-17
2180	2.59828337969541e-17
2181	2.58184494891992e-17
2182	2.56555443191600e-17
2183	2.54939825425603e-17
2184	2.53338922417132e-17
2185	2.51751379344426e-17
2186	2.50178474822505e-17
2187	2.48621482757877e-17
2188	2.47077736791060e-17
2189	2.45549822902222e-17
2190	2.44037698669342e-17
2191	2.42540013516995e-17
2192	2.41058035908275e-17
2193	2.39591723761021e-17
2194	2.38139730413140e-17
2195	2.36704624587173e-17
2196	2.35286360977887e-17
2197	2.33883593268690e-17
2198	2.32496279950004e-17
2199	2.31125678393887e-17
2200	2.29771743774947e-17
2201	2.28434431358118e-17
2202	2.27113696405074e-17
2203	2.25809494267707e-17
2204	2.24523073303331e-17
2205	2.23253093876910e-17
2206	2.21999511707184e-17
2207	2.20763572005536e-17
2208	2.19543939022800e-17
2209	2.18341855880753e-17
2210	2.17157275287878e-17
2211	2.15988865367977e-17
2212	2.14837866119876e-17
2213	2.13704230630112e-17
2214	2.12587912112057e-17
2215	2.11487583827691e-17
2216	2.10405760553392e-17
2217	2.09341114646565e-17
2218	2.08293599824127e-17
2219	2.07261894459868e-17
2220	2.06248504604913e-17
2221	2.05252107731707e-17
2222	2.04272658054699e-17
2223	2.03311380794939e-17
2224	2.02365687504732e-17
2225	2.01438073394788e-17
2226	2.00525954831931e-17
2227	1.99631822707870e-17
2228	1.98754363376866e-17
2229	1.97892267862389e-17
2230	1.97048020597929e-17
2231	1.96220311713653e-17
2232	1.95409096646575e-17
2233	1.94613071425071e-17
2234	1.93834711909354e-17
2235	1.93071455961960e-17
2236	1.92325775172542e-17
2237	1.91595112143084e-17
2238	1.90880680295293e-17
2239	1.90181183104305e-17
2240	1.89499083646133e-17
2241	1.88830583402933e-17
2242	1.88178144557309e-17
2243	1.87541723831181e-17
2244	1.86920030849314e-17
2245	1.86313025897034e-17
2246	1.85720669366042e-17
2247	1.85142921754103e-17
2248	1.84579743664728e-17
2249	1.84031095806858e-17
2250	1.83496938994557e-17
2251	1.82977234345728e-17
2252	1.82470705507873e-17
2253	1.81977318093914e-17
2254	1.81498273981110e-17
2255	1.81031065521100e-17
2256	1.80578129852573e-17
2257	1.80138196781315e-17
2258	1.79711232376369e-17
2259	1.79295972087831e-17
2260	1.78893615049351e-17
2261	1.78504127593494e-17
2262	1.78126248694694e-17
2263	1.77758721753162e-17
2264	1.77403970419375e-17
2265	1.77060737168262e-17
2266	1.76728992000820e-17
2267	1.76407482957326e-17
2268	1.76096183427899e-17
2269	1.75796286759341e-17
2270	1.75506544446040e-17
2271	1.75226930091549e-17
2272	1.74957417368732e-17
2273	1.74697980019556e-17
2274	1.74447377325565e-17
2275	1.74205586368083e-17
2276	1.73973796684736e-17
2277	1.73749559619888e-17
2278	1.73534065896612e-17
2279	1.73327292835443e-17
2280	1.73129217816281e-17
2281	1.72938611190194e-17
2282	1.72755453627675e-17
2283	1.72578520875229e-17
2284	1.72410204707923e-17
2285	1.72248077050268e-17
2286	1.72093323744301e-17
2287	1.71944724943428e-17
2288	1.71802264762404e-17
2289	1.71665927357386e-17
2290	1.71535696925816e-17
2291	1.71410361130639e-17
2292	1.71291102914524e-17
2293	1.71176712104283e-17
2294	1.71067176180067e-17
2295	1.70962482654565e-17
2296	1.70861427702007e-17
2297	1.70765192344535e-17
2298	1.70672574889327e-17
2299	1.70584754341087e-17
2300	1.70499343902690e-17
2301	1.70417523862818e-17
2302	1.70339286041678e-17
2303	1.70262254199099e-17
2304	1.70189975902310e-17
2305	1.70118893883378e-17
2306	1.70050187450198e-17
2307	1.69983851780950e-17
2308	1.69918703047998e-17
2309	1.69854739514588e-17
2310	1.69793136424220e-17
2311	1.69732713033617e-17
2312	1.69672292678056e-17
2313	1.69613050611017e-17
2314	1.69554985112381e-17
2315	1.69496922565974e-17
2316	1.69438864292976e-17
2317	1.69380811610003e-17
2318	1.69322765829118e-17
2319	1.69263560396904e-17
2320	1.69204366489995e-17
2321	1.69144019553430e-17
2322	1.69082523888555e-17
2323	1.69021047627838e-17
2324	1.68957266360290e-17
2325	1.68892349196449e-17
2326	1.68825139545135e-17
2327	1.68756804485185e-17
2328	1.68686189390700e-17
2329	1.68614459314160e-17
2330	1.68539304727676e-17
2331	1.68461891639182e-17
2332	1.68382227186590e-17
2333	1.68300318488322e-17
2334	1.68215019742062e-17
2335	1.68126340988646e-17
2336	1.68034292241989e-17
2337	1.67940033433054e-17
2338	1.67841273651099e-17
2339	1.67739173758175e-17
2340	1.67633743661297e-17
2341	1.67523847222620e-17
2342	1.67410642271003e-17
2343	1.67292994567259e-17
2344	1.67170916836236e-17
2345	1.67044421769079e-17
2346	1.66914663162916e-17
2347	1.66779370390600e-17
2348	1.66639698155590e-17
2349	1.66494520787918e-17
2350	1.66344990975535e-17
2351	1.66191121041280e-17
2352	1.66031787292288e-17
2353	1.65867004061306e-17
2354	1.65696785644215e-17
2355	1.65522278736150e-17
2356	1.65341231726654e-17
2357	1.65155922715202e-17
2358	1.64964103861992e-17
2359	1.64768049354939e-17
2360	1.64565515115538e-17
2361	1.64357644741485e-17
2362	1.64143326502291e-17
2363	1.63923702006769e-17
2364	1.63697661352634e-17
2365	1.63466344165112e-17
2366	1.63229764298600e-17
2367	1.62985693601411e-17
2368	1.62736391613112e-17
2369	1.62481872074688e-17
2370	1.62219912392442e-17
2371	1.61952766307725e-17
2372	1.61679331183735e-17
2373	1.61400738760322e-17
2374	1.61114773821369e-17
2375	1.60823682411124e-17
2376	1.60526365497728e-17
2377	1.60221727757538e-17
2378	1.59912009485462e-17
2379	1.59596114339416e-17
2380	1.59275167222175e-17
2381	1.58946965738761e-17
2382	1.58612635642009e-17
2383	1.58272192936519e-17
2384	1.57925653586142e-17
2385	1.57574137646219e-17
2386	1.57215451810076e-17
2387	1.56850716978409e-17
2388	1.56481050313455e-17
2389	1.56105364373499e-17
2390	1.55722575365635e-17
2391	1.55334898930683e-17
2392	1.54942347956054e-17
2393	1.54542741769153e-17
2394	1.54138290382514e-17
2395	1.53727911645477e-17
2396	1.53312715067978e-17
2397	1.52891620256976e-17
2398	1.52464642627938e-17
2399	1.52032888842726e-17
2400	1.51595281135195e-17
