# n_s=0.963 As=2.1e-09
# ell  Cl_TT_muK2
0	0.00000000000000e+00
1	0.00000000000000e+00
2	1.45470312568136e-10
3	6.88554335355634e-11
4	3.90811771484377e-11
5	2.49442446226875e-11
6	1.72760283305541e-11
7	1.26986897118432e-11
8	9.75572713520732e-12
9	7.75866224562279e-12
10	6.34080894188093e-12
11	5.29435792608614e-12
12	4.50638398165202e-12
13	3.89167902877590e-12
14	3.40276094345717e-12
15	3.00409816582192e-12
16	2.68019937315345e-12
17	2.41353431233073e-12
18	2.18886051975281e-12
19	1.99946829527714e-12
20	1.83523498672055e-12
21	1.69303437089980e-12
22	1.56911431937907e-12
23	1.45985851793768e-12
24	1.36343719053663e-12
25	1.27807024583507e-12
26	1.20153384674940e-12
27	1.13307069341305e-12
28	1.07139855147758e-12
29	1.01555236966933e-12
30	9.64977763103254e-13
31	9.18508058925784e-13
32	8.76330457107917e-13
33	8.37540279169412e-13
34	8.01756019363760e-13
35	7.69046385062533e-13
36	7.38497454747289e-13
37	7.10226465475340e-13
38	6.84070749083171e-13
39	6.59768067954809e-13
40	6.37100066088038e-13
41	6.15874597338070e-13
42	5.95967172730020e-13
43	5.77271183420875e-13
44	5.59706851734074e-13
45	5.43207322268703e-13
46	5.27672411001930e-13
47	5.13018844040003e-13
48	4.99168755909173e-13
49	4.86057551953922e-13
50	4.73649164885006e-13
51	4.61910905062245e-13
52	4.50777711895936e-13
53	4.40185853688257e-13
54	4.30093232947022e-13
55	4.20465737000716e-13
56	4.11302958360328e-13
57	4.02600152488762e-13
58	3.94316049041525e-13
59	3.86402671690380e-13
60	3.78832413745398e-13
61	3.71586220151873e-13
62	3.64646152554043e-13
63	3.57998217219494e-13
64	3.51626238903415e-13
65	3.45519579679426e-13
66	3.39670354486009e-13
67	3.34060263265949e-13
68	3.28669215917072e-13
69	3.23477523360682e-13
70	3.18469714572055e-13
71	3.13632881970787e-13
72	3.08976954530266e-13
73	3.04510486848244e-13
74	3.00224880409303e-13
75	2.96110940629050e-13
76	2.92153334342041e-13
77	2.88326401714417e-13
78	2.84621805157883e-13
79	2.81039746127552e-13
80	2.77577270751370e-13
81	2.74231839883333e-13
82	2.70999536905593e-13
83	2.67872442206221e-13
84	2.64845831411447e-13
85	2.61914387382728e-13
86	2.59073590891756e-13
87	2.56316098074577e-13
88	2.53636337676403e-13
89	2.51032246536147e-13
90	2.48501061798177e-13
91	2.46040865015831e-13
92	2.43648917900225e-13
93	2.41324018959651e-13
94	2.39062865355236e-13
95	2.36864408100671e-13
96	2.34725578355860e-13
97	2.32644139623333e-13
98	2.30618609999438e-13
99	2.28645017907220e-13
100	2.26722750411191e-13
101	2.24849352452544e-13
102	2.23023099090321e-13
103	2.21241170214250e-13
104	2.19502059538894e-13
105	2.17803762144549e-13
106	2.16144377709776e-13
107	2.14522104296295e-13
108	2.12934698811717e-13
109	2.11381616262087e-13
110	2.09860772883889e-13
111	2.08370694549654e-13
112	2.06910432285725e-13
113	2.05478576228031e-13
114	2.04073787298402e-13
115	2.02694793216076e-13
116	2.01340847713874e-13
117	2.00010777593036e-13
118	1.98703019662733e-13
119	1.97416974879454e-13
120	1.96151632639783e-13
121	1.94906030958807e-13
122	1.93678835152788e-13
123	1.92469605031348e-13
124	1.91277508959790e-13
125	1.90101355485077e-13
126	1.88940800657403e-13
127	1.87794737225487e-13
128	1.86662495790933e-13
129	1.85543812447755e-13
130	1.84437691770746e-13
131	1.83343200880501e-13
132	1.82260573909396e-13
133	1.81188624252405e-13
134	1.80127269739520e-13
135	1.79075741612781e-13
136	1.78033983632347e-13
137	1.77001271905334e-13
138	1.75977245646006e-13
139	1.74961236229646e-13
140	1.73953562579152e-13
141	1.72953265588838e-13
142	1.71960053733311e-13
143	1.70973952511773e-13
144	1.69994079188149e-13
145	1.69020485754852e-13
146	1.68052046858144e-13
147	1.67088560917647e-13
148	1.66129549445284e-13
149	1.65174556813036e-13
150	1.64223149161539e-13
151	1.63274632186051e-13
152	1.62329397420496e-13
153	1.61387007355654e-13
154	1.60447571863764e-13
155	1.59510933920321e-13
156	1.58577456135082e-13
157	1.57646468232625e-13
158	1.56718332580135e-13
159	1.55792651310298e-13
160	1.54869288909390e-13
161	1.53947633624079e-13
162	1.53027578562671e-13
163	1.52109021281377e-13
164	1.51191399204591e-13
165	1.50274864403741e-13
166	1.49359107961008e-13
167	1.48444059155475e-13
168	1.47529650284980e-13
169	1.46615816537782e-13
170	1.45702495870101e-13
171	1.44789415262679e-13
172	1.43876947585267e-13
173	1.42964613549166e-13
174	1.42052368223161e-13
175	1.41140372665817e-13
176	1.40228380913370e-13
177	1.39316371945129e-13
178	1.38404132076678e-13
179	1.37491847144810e-13
180	1.36579502003521e-13
181	1.35666891454196e-13
182	1.34754196590848e-13
183	1.33841404128719e-13
184	1.32928316804835e-13
185	1.32015111070001e-13
186	1.31101594638573e-13
187	1.30187940893665e-13
188	1.29274139152617e-13
189	1.28360004258099e-13
190	1.27445705133401e-13
191	1.26531232437682e-13
192	1.25616407711278e-13
193	1.24701227720475e-13
194	1.23786021655920e-13
195	1.22870612197793e-13
196	1.21955154687645e-13
197	1.21039798253176e-13
198	1.20124686041637e-13
199	1.19209481836980e-13
200	1.18294644222699e-13
201	1.17379993375555e-13
202	1.16465504649077e-13
203	1.15550849616814e-13
204	1.14636313596644e-13
205	1.13721426949014e-13
206	1.12806474887907e-13
207	1.11891293963640e-13
208	1.10975871535108e-13
209	1.10060911293148e-13
210	1.09146239510080e-13
211	1.08232110278622e-13
212	1.07318907215421e-13
213	1.06406723766354e-13
214	1.05495786219985e-13
215	1.04586176923512e-13
216	1.03677706769588e-13
217	1.02770458893752e-13
218	1.01864513108305e-13
219	1.00959815608199e-13
220	1.00056314214709e-13
221	9.91542144565673e-14
222	9.82533334463874e-14
223	9.73538718451388e-14
224	9.64560228890004e-14
225	9.55598490758356e-14
226	9.46652878492570e-14
227	9.37725212597109e-14
228	9.28816042873083e-14
229	9.19927088843661e-14
230	9.11057641092002e-14
231	9.02209354959440e-14
232	8.93383824621317e-14
233	8.84580280268007e-14
234	8.75799115935441e-14
235	8.67042973389208e-14
236	8.58309906973991e-14
237	8.49603600718666e-14
238	8.40923192069410e-14
239	8.32270032415696e-14
240	8.23644336610129e-14
241	8.15046306796155e-14
242	8.06478269777801e-14
243	7.97940351067100e-14
244	7.89432666057095e-14
245	7.80957405404082e-14
246	7.72515648776087e-14
247	7.64106383209847e-14
248	7.55732691724139e-14
249	7.47393515029655e-14
250	7.39090824709577e-14
251	7.30823545648899e-14
252	7.22592610841490e-14
253	7.14397942011015e-14
254	7.06241396756274e-14
255	6.98120917968570e-14
256	6.90038325650220e-14
257	6.81994429237751e-14
258	6.73990946649004e-14
259	6.66028602993241e-14
260	6.58109945815813e-14
261	6.50234681146744e-14
262	6.42405251896482e-14
263	6.34622209566617e-14
264	6.26886081147643e-14
265	6.19196478525556e-14
266	6.11553901970132e-14
267	6.03959707094754e-14
268	5.96413458267536e-14
269	5.88914724770534e-14
270	5.81463939448075e-14
271	5.74063219471535e-14
272	5.66711227614598e-14
273	5.59410857540272e-14
274	5.52160741638681e-14
275	5.44962027251718e-14
276	5.37816642544175e-14
277	5.30724004380547e-14
278	5.23684348180684e-14
279	5.16698698834959e-14
280	5.09768043974746e-14
281	5.02891749213002e-14
282	4.96070764441424e-14
283	4.89306004677925e-14
284	4.82596798501737e-14
285	4.75944026692381e-14
286	4.69347771879724e-14
287	4.62809626526866e-14
288	4.56328866165942e-14
289	4.49905527688221e-14
290	4.43541127893715e-14
291	4.37235655033273e-14
292	4.30988355017393e-14
293	4.24799944864380e-14
294	4.18671114099153e-14
295	4.12601086400742e-14
296	4.06590527652670e-14
297	4.00638658057012e-14
298	3.94746826174018e-14
299	3.88914935817762e-14
300	3.83142885380320e-14
301	3.77431258096585e-14
302	3.71780609424536e-14
303	3.66190789083425e-14
304	3.60662320493886e-14
305	3.55195705571291e-14
306	3.49790087641499e-14
307	3.44446617912545e-14
308	3.39165089711501e-14
309	3.33945293913381e-14
310	3.28786367347753e-14
311	3.23690051492048e-14
312	3.18654818834346e-14
313	3.13681730342551e-14
314	3.08770542143234e-14
315	3.03920377823064e-14
316	2.99132257390151e-14
317	2.94405921338157e-14
318	2.89741728716282e-14
319	2.85138791302835e-14
320	2.80596847433558e-14
321	2.76117458478292e-14
322	2.71698515392386e-14
323	2.67341556364218e-14
324	2.63045091361839e-14
325	2.58810032030385e-14
326	2.54635492684187e-14
327	2.50521773993510e-14
328	2.46468580336717e-14
329	2.42475616536385e-14
330	2.38543163125252e-14
331	2.34670343779188e-14
332	2.30857433311029e-14
333	2.27103563671439e-14
334	2.23409004215922e-14
335	2.19774011592424e-14
336	2.16197720281147e-14
337	2.12679830584044e-14
338	2.09220043727889e-14
339	2.05818607020548e-14
340	2.02475214019977e-14
341	1.99189020683329e-14
342	1.95959732339739e-14
343	1.92787055353843e-14
344	1.89670167723000e-14
345	1.86608787121575e-14
346	1.83602632156825e-14
347	1.80650902068099e-14
348	1.77753326332727e-14
349	1.74910149647471e-14
350	1.72120582938567e-14
351	1.69384866952438e-14
352	1.66702726450079e-14
353	1.64073384511338e-14
354	1.61496576583258e-14
355	1.58972536210684e-14
356	1.56500003602117e-14
357	1.54078725401278e-14
358	1.51708449088471e-14
359	1.49388436832414e-14
360	1.47117962443341e-14
361	1.44896791963932e-14
362	1.42724213918585e-14
363	1.40600479037558e-14
364	1.38523936495726e-14
365	1.36495318831666e-14
366	1.34513467318238e-14
367	1.32578174616103e-14
368	1.30688771041748e-14
369	1.28844597299120e-14
370	1.27045919746375e-14
371	1.25291174026067e-14
372	1.23580636688430e-14
373	1.21913223385880e-14
374	1.20288765118955e-14
375	1.18706201581831e-14
376	1.17165377836132e-14
377	1.15666138694768e-14
378	1.14207013010027e-14
379	1.12788302227704e-14
380	1.11409430176085e-14
381	1.10069397708229e-14
382	1.08768082189672e-14
383	1.07504933153486e-14
384	1.06278983429402e-14
385	1.05089705607191e-14
386	1.03937000802848e-14
387	1.02820350796668e-14
388	1.01738412533735e-14
389	1.00691110129973e-14
390	9.96779544831592e-15
391	9.86984637610295e-15
392	9.77513475783187e-15
393	9.68369622632146e-15
394	9.59540395274863e-15
395	9.51021375675374e-15
396	9.42808210810747e-15
397	9.34892635048256e-15
398	9.27274438601947e-15
399	9.19945519840666e-15
400	9.12901833711806e-15
401	9.06139392692811e-15
402	8.99650383215190e-15
403	8.93430983451216e-15
404	8.87477427012406e-15
405	8.81778359665722e-15
406	8.76330235879857e-15
407	8.71129561253124e-15
408	8.66169126415919e-15
409	8.61438098056465e-15
410	8.56940751310601e-15
411	8.52658998614211e-15
412	8.48597241904675e-15
413	8.44748758634211e-15
414	8.41106940480788e-15
415	8.37661651908621e-15
416	8.34417425600450e-15
417	8.31360670525331e-15
418	8.28492391293470e-15
419	8.25802849403927e-15
420	8.23293138926990e-15
421	8.20953711334819e-15
422	8.18778706470740e-15
423	8.16769369894422e-15
424	8.14916452417456e-15
425	8.13214337979032e-15
426	8.11660959577927e-15
427	8.10243964890671e-15
428	8.08968332172279e-15
429	8.07818501741191e-15
430	8.06792754649043e-15
431	8.05889395671947e-15
432	8.05100034973872e-15
433	8.04426460076029e-15
434	8.03857105841246e-15
435	8.03393863482508e-15
436	8.03031987614955e-15
437	8.02766812874851e-15
438	8.02593752590363e-15
439	8.02511550315941e-15
440	8.02512490526737e-15
441	8.02592215187601e-15
442	8.02743230985461e-15
443	8.02964563672329e-15
444	8.03248892041894e-15
445	8.03592187769497e-15
446	8.03990490833943e-15
447	8.04439908395179e-15
448	8.04942860893220e-15
449	8.05492393548154e-15
450	8.06084767708765e-15
451	8.06719391224537e-15
452	8.07395683248507e-15
453	8.08103906231179e-15
454	8.08843616433143e-15
455	8.09608319387105e-15
456	8.10394647581224e-15
457	8.11199290891934e-15
458	8.12016006820651e-15
459	8.12838660393058e-15
460	8.13673074127796e-15
461	8.14507268776761e-15
462	8.15350032923956e-15
463	8.16189530758499e-15
464	8.17034514444164e-15
465	8.17873288737972e-15
466	8.18711681649283e-15
467	8.19543922452794e-15
468	8.20364338878596e-15
469	8.21173056385057e-15
470	8.21964522303914e-15
471	8.22733278711409e-15
472	8.23479589604813e-15
473	8.24198110808796e-15
474	8.24889170684209e-15
475	8.25550314607266e-15
476	8.26181897862372e-15
477	8.26778759941208e-15
478	8.27344060686013e-15
479	8.27878176316930e-15
480	8.28373314215132e-15
481	8.28835363290040e-15
482	8.29253923562104e-15
483	8.29632207354530e-15
484	8.29965346255063e-15
485	8.30248554040402e-15
486	8.30485089485031e-15
487	8.30670229016667e-15
488	8.30801961689266e-15
489	8.30883556472620e-15
490	8.30910397016800e-15
491	8.30883146440272e-15
492	8.30802459809818e-15
493	8.30668984249075e-15
494	8.30480789550758e-15
495	8.30235979220061e-15
496	8.29935238788412e-15
497	8.29574168321247e-15
498	8.29153497973745e-15
499	8.28671430809505e-15
500	8.28126201440802e-15
501	8.27516076564860e-15
502	8.26841845850187e-15
503	8.26101812059669e-15
504	8.25296776506642e-15
505	8.24429989809267e-15
506	8.23497306782781e-15
507	8.22501969022290e-15
508	8.21442310321016e-15
509	8.20316693505084e-15
510	8.19130742853030e-15
511	8.17877990111868e-15
512	8.16564031518379e-15
513	8.15184847789689e-15
514	8.13741232074728e-15
515	8.12233968170908e-15
516	8.10663830645545e-15
517	8.09029238785030e-15
518	8.07328639047703e-15
519	8.05565160939250e-15
520	8.03734931225653e-15
521	8.01841069759324e-15
522	7.99882048639344e-15
523	7.97856366077790e-15
524	7.95769397905796e-15
525	7.93617339970155e-15
526	7.91405515098799e-15
527	7.89132394100096e-15
528	7.86798722998079e-15
529	7.84405239179554e-15
530	7.81954904096323e-15
531	7.79443964609732e-15
532	7.76877589732999e-15
533	7.74254250933083e-15
534	7.71572444861995e-15
535	7.68837266279881e-15
536	7.66045004745076e-15
537	7.63200706486428e-15
538	7.60302844947006e-15
539	7.57354235781157e-15
540	7.54351202973281e-15
541	7.51300840884558e-15
542	7.48201601911038e-15
543	7.45051963130357e-15
544	7.41856783736561e-15
545	7.38616630762691e-15
546	7.35329961000636e-15
547	7.31999447771135e-15
548	7.28625638830975e-15
549	7.25209075711980e-15
550	7.21750293797846e-15
551	7.18253953957902e-15
552	7.14716417759818e-15
553	7.11142304341750e-15
554	7.07534124355840e-15
555	7.03890281430345e-15
556	7.00211232291412e-15
557	6.96503493227664e-15
558	6.92763416900628e-15
559	6.88993430629282e-15
560	6.85193928358298e-15
561	6.81369285318806e-15
562	6.77515872497483e-15
563	6.73638028332752e-15
564	6.69738059165105e-15
565	6.65812345298962e-15
566	6.61865150354952e-15
567	6.57898727901485e-15
568	6.53911412413975e-15
569	6.49905437018162e-15
570	6.45881073826886e-15
571	6.41840515578801e-15
572	6.37785925071635e-15
573	6.33717525198660e-15
574	6.29635536262213e-15
575	6.25545867296253e-15
576	6.21444893291276e-15
577	6.17338459585710e-15
578	6.13224821270788e-15
579	6.09105999696438e-15
580	6.04983988636447e-15
581	6.00860754642719e-15
582	5.96736385619205e-15
583	5.92610968308795e-15
584	5.88488266557232e-15
585	5.84368327167935e-15
586	5.80251196211719e-15
587	5.76138739426549e-15
588	5.72034611320697e-15
589	5.67935184452978e-15
590	5.63845889899030e-15
591	5.59766697622624e-15
592	5.55697577646388e-15
593	5.51640283822014e-15
594	5.47594768304390e-15
595	5.43564527106306e-15
596	5.39549477251118e-15
597	5.35549536358819e-15
598	5.31566376730676e-15
599	5.27601647866132e-15
600	5.23655234324243e-15
601	5.19730494178468e-15
602	5.15823814123591e-15
603	5.11941978192247e-15
604	5.08081363465202e-15
605	5.04243535339490e-15
606	5.00431746009275e-15
607	4.96644096630166e-15
608	4.92883803189853e-15
609	4.89152347372275e-15
610	4.85446133148183e-15
611	4.81771692379292e-15
612	4.78125421959256e-15
613	4.74508772806481e-15
614	4.70926503940603e-15
615	4.67373360441294e-15
616	4.63855726533966e-15
617	4.60371663850902e-15
618	4.56922542927033e-15
619	4.53508078379123e-15
620	4.50129619322742e-15
621	4.46790123108927e-15
622	4.43487643671897e-15
623	4.40221874937872e-15
624	4.36995735758144e-15
625	4.33808894704530e-15
626	4.30662624169381e-15
627	4.27554987728020e-15
628	4.24490434877902e-15
629	4.21465429535606e-15
630	4.18482801373705e-15
631	4.15542191947110e-15
632	4.12643246069706e-15
633	4.09788743024706e-15
634	4.06976743766303e-15
635	4.04208443884705e-15
636	4.01485022695896e-15
637	3.98806097401331e-15
638	3.96171288673943e-15
639	3.93581757004008e-15
640	3.91037115520160e-15
641	3.88538507667959e-15
642	3.86084017226972e-15
643	3.83677819808431e-15
644	3.81314962145570e-15
645	3.78999598636020e-15
646	3.76731321191837e-15
647	3.74508226752560e-15
648	3.72331422438383e-15
649	3.70200511022231e-15
650	3.68118068565840e-15
651	3.66080717097721e-15
652	3.64089546351100e-15
653	3.62145631554980e-15
654	3.60248566746177e-15
655	3.58399411886629e-15
656	3.56594839199121e-15
657	3.54837373682021e-15
658	3.53126610446287e-15
659	3.51462148210933e-15
660	3.49843589267011e-15
661	3.48270539441989e-15
662	3.46744039620568e-15
663	3.45262262417937e-15
664	3.43826247071101e-15
665	3.42435600443468e-15
666	3.41088518452925e-15
667	3.39786037780851e-15
668	3.38529181542035e-15
669	3.37314754109731e-15
670	3.36145187134789e-15
671	3.35018701872595e-15
672	3.33934928830675e-15
673	3.32893501762501e-15
674	3.31894057635644e-15
675	3.30937613585884e-15
676	3.30022427793448e-15
677	3.29148146734634e-15
678	3.28313055139727e-15
679	3.27519539320230e-15
680	3.26765886064024e-15
681	3.26050401181105e-15
682	3.25372758183218e-15
683	3.24733978360748e-15
684	3.24133729093773e-15
685	3.23569006440921e-15
686	3.23040840094307e-15
687	3.22548917535137e-15
688	3.22092928947871e-15
689	3.21672567194189e-15
690	3.21286209977453e-15
691	3.20933566862916e-15
692	3.20614349917713e-15
693	3.20328273686888e-15
694	3.20073752496135e-15
695	3.19851815935604e-15
696	3.19658300185383e-15
697	3.19496837295764e-15
698	3.19363290269968e-15
699	3.19259989190934e-15
700	3.19184115053404e-15
701	3.19135434093928e-15
702	3.19112442338455e-15
703	3.19116191597930e-15
704	3.19146455172258e-15
705	3.19199221180833e-15
706	3.19278075284658e-15
707	3.19379030641936e-15
708	3.19501899873800e-15
709	3.19647745360276e-15
710	3.19813883016627e-15
711	3.20000140706038e-15
712	3.20207585429054e-15
713	3.20432334881915e-15
714	3.20675472766615e-15
715	3.20936842942660e-15
716	3.21213842771989e-15
717	3.21506339181786e-15
718	3.21814200216568e-15
719	3.22136081307882e-15
720	3.22471862804194e-15
721	3.22820219056178e-15
722	3.23181042424794e-15
723	3.23554226172107e-15
724	3.23938467427762e-15
725	3.24333671123915e-15
726	3.24738552543830e-15
727	3.25153028013163e-15
728	3.25577014556984e-15
729	3.26006887875577e-15
730	3.26444950330831e-15
731	3.26889956314477e-15
732	3.27339502608386e-15
733	3.27794715524334e-15
734	3.28254379708365e-15
735	3.28716131403220e-15
736	3.29182265755451e-15
737	3.29649277001364e-15
738	3.30118305514392e-15
739	3.30588181406712e-15
740	3.31057747376722e-15
741	3.31525858581971e-15
742	3.31992522204535e-15
743	3.32457745380845e-15
744	3.32919268049947e-15
745	3.33377115492503e-15
746	3.33830185288020e-15
747	3.34278511380896e-15
748	3.34721005962596e-15
749	3.35157711431269e-15
750	3.35587554334301e-15
751	3.36009472550359e-15
752	3.36422414544193e-15
753	3.36827553211204e-15
754	3.37223841754467e-15
755	3.37610244618328e-15
756	3.37985737376489e-15
757	3.38352591626302e-15
758	3.38708686784450e-15
759	3.39054103253858e-15
760	3.39387834435806e-15
761	3.39709968048780e-15
762	3.40019510444644e-15
763	3.40316556477750e-15
764	3.40599050186795e-15
765	3.40867101807000e-15
766	3.41120820721033e-15
767	3.41358182159753e-15
768	3.41580374346686e-15
769	3.41784329028262e-15
770	3.41972301910561e-15
771	3.42142303206515e-15
772	3.42293416933489e-15
773	3.42426837275880e-15
774	3.42540604090620e-15
775	3.42634867314900e-15
776	3.42710817803869e-15
777	3.42767555771101e-15
778	3.42805227756382e-15
779	3.42823979175954e-15
780	3.42822922915221e-15
781	3.42803238864642e-15
782	3.42763016794221e-15
783	3.42703436930614e-15
784	3.42622605095958e-15
785	3.42520683423945e-15
786	3.42395801332256e-15
787	3.42249147123525e-15
788	3.42079876307164e-15
789	3.41886145328167e-15
790	3.41670151657615e-15
791	3.41430059248414e-15
792	3.41167052255391e-15
793	3.40880307565506e-15
794	3.40570006171862e-15
795	3.40235334812015e-15
796	3.39877469622518e-15
797	3.39496587495992e-15
798	3.39091878550411e-15
799	3.38664507387527e-15
800	3.38213666379706e-15
801	3.37739534916753e-15
802	3.37243268519272e-15
803	3.36723092460370e-15
804	3.36180162448326e-15
805	3.35612718001607e-15
806	3.35019982497598e-15
807	3.34402151050129e-15
808	3.33759417307889e-15
809	3.33091014626146e-15
810	3.32397140853353e-15
811	3.31677992356462e-15
812	3.30935667578779e-15
813	3.30169396495484e-15
814	3.29380311268309e-15
815	3.28569533391447e-15
816	3.27737231317904e-15
817	3.26882632076805e-15
818	3.26005908503244e-15
819	3.25106296561979e-15
820	3.24183040057053e-15
821	3.23235390559067e-15
822	3.22263536103248e-15
823	3.21266736815092e-15
824	3.20246108961276e-15
825	3.19202758436441e-15
826	3.18136861054014e-15
827	3.17049508907117e-15
828	3.15940868577677e-15
829	3.14812931737720e-15
830	3.13665849329850e-15
831	3.12499771180216e-15
832	3.11313939416271e-15
833	3.10107603763345e-15
834	3.08881825977293e-15
835	3.07634957728769e-15
836	3.06366264718174e-15
837	3.05076811614009e-15
838	3.03767653305484e-15
839	3.02437160382353e-15
840	3.01089055760514e-15
841	2.99722590832012e-15
842	2.98338794785956e-15
843	2.96937804265850e-15
844	2.95522397942384e-15
845	2.94090054937150e-15
846	2.92642662681066e-15
847	2.91178591947877e-15
848	2.89698847282544e-15
849	2.88202682714142e-15
850	2.86689359544421e-15
851	2.85160745603025e-15
852	2.83616096103368e-15
853	2.82056398112483e-15
854	2.80481769215298e-15
855	2.78894901642713e-15
856	2.77294180258754e-15
857	2.75682277683688e-15
858	2.74059284343204e-15
859	2.72425290003446e-15
860	2.70780383776235e-15
861	2.69125500707057e-15
862	2.67459878107823e-15
863	2.65785288510116e-15
864	2.64100966072502e-15
865	2.62406990947699e-15
866	2.60705116386117e-15
867	2.58993739982463e-15
868	2.57273773182162e-15
869	2.55546119200350e-15
870	2.53810014756586e-15
871	2.52066358226655e-15
872	2.50316039887015e-15
873	2.48558295019603e-15
874	2.46794830802327e-15
875	2.45025699490476e-15
876	2.43251770806725e-15
877	2.41473090645759e-15
878	2.39692146964445e-15
879	2.37907343751622e-15
880	2.36120341287024e-15
881	2.34330359041613e-15
882	2.32539043906526e-15
883	2.30745613075863e-15
884	2.28950093967578e-15
885	2.27153315098705e-15
886	2.25355298038162e-15
887	2.23556064179744e-15
888	2.21757226567873e-15
889	2.19957207271766e-15
890	2.18158404227629e-15
891	2.16360031625350e-15
892	2.14562888264065e-15
893	2.12766978759071e-15
894	2.10973878207086e-15
895	2.09182013552120e-15
896	2.07393734579463e-15
897	2.05608250004054e-15
898	2.03826332117570e-15
899	2.02048746305427e-15
900	2.00275476263427e-15
901	1.98506505856217e-15
902	1.96743362200949e-15
903	1.94986019517269e-15
904	1.93234452167251e-15
905	1.91489400961979e-15
906	1.89750835476268e-15
907	1.88020251325219e-15
908	1.86296847102023e-15
909	1.84581347493167e-15
910	1.82873712803036e-15
911	1.81174659822257e-15
912	1.79484898947360e-15
913	1.77804381289175e-15
914	1.76133058252651e-15
915	1.74470881534807e-15
916	1.72819299169077e-15
917	1.71177507258972e-15
918	1.69545453524462e-15
919	1.67924572301332e-15
920	1.66314802255927e-15
921	1.64715342501133e-15
922	1.63127613908083e-15
923	1.61552288174590e-15
924	1.59987825624235e-15
925	1.58436367436852e-15
926	1.56897108309926e-15
927	1.55370710472856e-15
928	1.53857830282508e-15
929	1.52358391025258e-15
930	1.50872316459330e-15
931	1.49399530811495e-15
932	1.47941403921749e-15
933	1.46497130633878e-15
934	1.45067351448077e-15
935	1.43651983253181e-15
936	1.42250943449305e-15
937	1.40864864831349e-15
938	1.39493661243362e-15
939	1.38137958905851e-15
940	1.36796957846338e-15
941	1.35471991152863e-15
942	1.34162258439014e-15
943	1.32868377532382e-15
944	1.31590256495550e-15
945	1.30328506796533e-15
946	1.29082331813964e-15
947	1.27853041060369e-15
948	1.26639837596190e-15
949	1.25442627899632e-15
950	1.24262709953443e-15
951	1.23099288422367e-15
952	1.21952266230534e-15
953	1.20822237810964e-15
954	1.19708413103099e-15
955	1.18612073053118e-15
956	1.17532427382709e-15
957	1.16470062852564e-15
958	1.15424193300629e-15
959	1.14395403851262e-15
960	1.13384274543307e-15
961	1.12390021082540e-15
962	1.11413221926132e-15
963	1.10453773687392e-15
964	1.09511573611569e-15
965	1.08586519571524e-15
966	1.07678510063444e-15
967	1.06788115442902e-15
968	1.05914561428814e-15
969	1.05058416848529e-15
970	1.04219578531434e-15
971	1.03397278210465e-15
972	1.02592082427356e-15
973	1.01803889869444e-15
974	1.01033261470900e-15
975	1.00278772526004e-15
976	9.95409865466974e-16
977	9.88204622327237e-16
978	9.81164410422399e-16
979	9.74288253038151e-16
980	9.67581714955086e-16
981	9.61037269017949e-16
982	9.54653956230395e-16
983	9.48430823381881e-16
984	9.42373405598479e-16
985	9.36474252236379e-16
986	9.30732427329814e-16
987	9.25153443805826e-16
988	9.19729907601686e-16
989	9.14460899650361e-16
990	9.09345506402803e-16
991	9.04382819791028e-16
992	8.99578315697160e-16
993	8.94918327060258e-16
994	8.90414706291496e-16
995	8.86053848373736e-16
996	8.81841237771421e-16
997	8.77775998542573e-16
998	8.73857259975450e-16
999	8.70077867078992e-16
1000	8.66443274105433e-16
1001	8.62940099291131e-16
1002	8.59580082760632e-16
1003	8.56349914115866e-16
1004	8.53255068262463e-16
1005	8.50282331113308e-16
1006	8.47443401136071e-16
1007	8.44725122554533e-16
1008	8.42132975479033e-16
1009	8.39666229706222e-16
1010	8.37311852749798e-16
1011	8.35081478191142e-16
1012	8.32962130405690e-16
1013	8.30953168522649e-16
1014	8.29066165152475e-16
1015	8.27282136274031e-16
1016	8.25612650097499e-16
1017	8.24057044897883e-16
1018	8.22602548810970e-16
1019	8.21254624213716e-16
1020	8.20012656231235e-16
1021	8.18870012096406e-16
1022	8.17826119402673e-16
1023	8.16868413137934e-16
1024	8.16008370295413e-16
1025	8.15227504408895e-16
1026	8.14537286715093e-16
1027	8.13925292835605e-16
1028	8.13391073545384e-16
1029	8.12946038743571e-16
1030	8.12571925114119e-16
1031	8.12280136379978e-16
1032	8.12058411708557e-16
1033	8.11918114045124e-16
1034	8.11847033346705e-16
1035	8.11850632222443e-16
1036	8.11916784993472e-16
1037	8.12039295791597e-16
1038	8.12229493617620e-16
1039	8.12475360703832e-16
1040	8.12770774465496e-16
1041	8.13121243585119e-16
1042	8.13520671283375e-16
1043	8.13963006892826e-16
1044	8.14459523164968e-16
1045	8.14998413362954e-16
1046	8.15579434810067e-16
1047	8.16202346218666e-16
1048	8.16866907681360e-16
1049	8.17567176195126e-16
1050	8.18302947152785e-16
1051	8.19068334413143e-16
1052	8.19863168502827e-16
1053	8.20687280999280e-16
1054	8.21540504439299e-16
1055	8.22411392718505e-16
1056	8.23305473428153e-16
1057	8.24216995203735e-16
1058	8.25145857753773e-16
1059	8.26086364064242e-16
1060	8.27044033375987e-16
1061	8.28013190787901e-16
1062	8.28993769654403e-16
1063	8.29980148441625e-16
1064	8.30972292557297e-16
1065	8.31964633175451e-16
1066	8.32962691278805e-16
1067	8.33955405351818e-16
1068	8.34953810190568e-16
1069	8.35941392588388e-16
1070	8.36929176893077e-16
1071	8.37906214798226e-16
1072	8.38878026893196e-16
1073	8.39833736003632e-16
1074	8.40778872278648e-16
1075	8.41708060933788e-16
1076	8.42626811027946e-16
1077	8.43524355364248e-16
1078	8.44406212127818e-16
1079	8.45261683413408e-16
1080	8.46101677989446e-16
1081	8.46915536688504e-16
1082	8.47703403174072e-16
1083	8.48465420316543e-16
1084	8.49201730198089e-16
1085	8.49907141747133e-16
1086	8.50581824917363e-16
1087	8.51225948726321e-16
1088	8.51834378243230e-16
1089	8.52407309821410e-16
1090	8.52944938734565e-16
1091	8.53447459183373e-16
1092	8.53909800045213e-16
1093	8.54332182265911e-16
1094	8.54714825579565e-16
1095	8.55057948515921e-16
1096	8.55356542488546e-16
1097	8.55616068597510e-16
1098	8.55831534818113e-16
1099	8.55997985819087e-16
1100	8.56126066708072e-16
1101	8.56200453070576e-16
1102	8.56231778731983e-16
1103	8.56209961862046e-16
1104	8.56145596003234e-16
1105	8.56028633890220e-16
1106	8.55859365058508e-16
1107	8.55643200091754e-16
1108	8.55370170896647e-16
1109	8.55050798369148e-16
1110	8.54675148264236e-16
1111	8.54248615717711e-16
1112	8.53766404268996e-16
1113	8.53233887529249e-16
1114	8.52646284137777e-16
1115	8.52003896905983e-16
1116	8.51307027006808e-16
1117	8.50555973984538e-16
1118	8.49751035764542e-16
1119	8.48887495269846e-16
1120	8.47965674050451e-16
1121	8.46990887450790e-16
1122	8.45958440242508e-16
1123	8.44868648877028e-16
1124	8.43726797011549e-16
1125	8.42523251057792e-16
1126	8.41258348865434e-16
1127	8.39942311474387e-16
1128	8.38570486837927e-16
1129	8.37138256325156e-16
1130	8.35655783413413e-16
1131	8.34113529843636e-16
1132	8.32516722043300e-16
1133	8.30865659811693e-16
1134	8.29155759645122e-16
1135	8.27392217030927e-16
1136	8.25575326915244e-16
1137	8.23700526685444e-16
1138	8.21772981181378e-16
1139	8.19792980581833e-16
1140	8.17751152578009e-16
1141	8.15662301050329e-16
1142	8.13517058969974e-16
1143	8.11320540715410e-16
1144	8.09068231919937e-16
1145	8.06765226985175e-16
1146	8.04411805246736e-16
1147	8.02008244555651e-16
1148	7.99550057877195e-16
1149	7.97042300097484e-16
1150	7.94485244600917e-16
1151	7.91879162643733e-16
1152	7.89224321337044e-16
1153	7.86525707910547e-16
1154	7.83774133408030e-16
1155	7.80979296343470e-16
1156	7.78136735436060e-16
1157	7.75251399859478e-16
1158	7.72323523521750e-16
1159	7.69353339099536e-16
1160	7.66341078045260e-16
1161	7.63286970594199e-16
1162	7.60195895140626e-16
1163	7.57063414160277e-16
1164	7.53894387753220e-16
1165	7.50689017574916e-16
1166	7.47442886682899e-16
1167	7.44160827969867e-16
1168	7.40843039868429e-16
1169	7.37494313648008e-16
1170	7.34110236093484e-16
1171	7.30695580797246e-16
1172	7.27250518703439e-16
1173	7.23775219857790e-16
1174	7.20269853412784e-16
1175	7.16734587632795e-16
1176	7.13174129274416e-16
1177	7.09588621720312e-16
1178	7.05973683616901e-16
1179	7.02338512470476e-16
1180	6.98678717742717e-16
1181	6.94994439821309e-16
1182	6.91290311782435e-16
1183	6.87566449771163e-16
1184	6.83822969318232e-16
1185	6.80059985343582e-16
1186	6.76277612159860e-16
1187	6.72480419142722e-16
1188	6.68668496916206e-16
1189	6.64841935620801e-16
1190	6.60996391677224e-16
1191	6.57145253984204e-16
1192	6.53279729912257e-16
1193	6.49404318731395e-16
1194	6.45523489711987e-16
1195	6.41632889844982e-16
1196	6.37732584147940e-16
1197	6.33827018847387e-16
1198	6.29920610584707e-16
1199	6.26009012676338e-16
1200	6.22092267089560e-16
1201	6.18174767583531e-16
1202	6.14256531912395e-16
1203	6.10337577311994e-16
1204	6.06422251691945e-16
1205	6.02506226925836e-16
1206	5.98593836415869e-16
1207	5.94685075582539e-16
1208	5.90784242007532e-16
1209	5.86891309779258e-16
1210	5.83001965136044e-16
1211	5.79120484486302e-16
1212	5.75251116005310e-16
1213	5.71389546247147e-16
1214	5.67540009584180e-16
1215	5.63706712467719e-16
1216	5.59881096312182e-16
1217	5.56071613778481e-16
1218	5.52278198319802e-16
1219	5.48500783695523e-16
1220	5.44735085990982e-16
1221	5.40993693508958e-16
1222	5.37263886981902e-16
1223	5.33558213994844e-16
1224	5.29868187764717e-16
1225	5.26202111215882e-16
1226	5.22555702579757e-16
1227	5.18933047808253e-16
1228	5.15334042877507e-16
1229	5.11762740704674e-16
1230	5.08214868280391e-16
1231	5.04690323086414e-16
1232	5.01193139327947e-16
1233	4.97727324872535e-16
1234	4.94284492854207e-16
1235	4.90872775167416e-16
1236	4.87487922358143e-16
1237	4.84133917962075e-16
1238	4.80810623319960e-16
1239	4.77517900426174e-16
1240	4.74255611925256e-16
1241	4.71027697599495e-16
1242	4.67834001706099e-16
1243	4.64670305848461e-16
1244	4.61540532193176e-16
1245	4.58444527143053e-16
1246	4.55386181677419e-16
1247	4.52361286827875e-16
1248	4.49373722110297e-16
1249	4.46419293038226e-16
1250	4.43505885734523e-16
1251	4.40625289248109e-16
1252	4.37781360317346e-16
1253	4.34977930818572e-16
1254	4.32210823038407e-16
1255	4.29483857733834e-16
1256	4.26796851326792e-16
1257	4.24149621102021e-16
1258	4.21541985202523e-16
1259	4.18969801818862e-16
1260	4.16444773215673e-16
1261	4.13954837665218e-16
1262	4.11507719509874e-16
1263	4.09103222404837e-16
1264	4.06737221380644e-16
1265	4.04413463889051e-16
1266	4.02127839143734e-16
1267	3.99887994875303e-16
1268	3.97689815912001e-16
1269	3.95533111316024e-16
1270	3.93417691041633e-16
1271	3.91343365930503e-16
1272	3.89313827998608e-16
1273	3.87324997374078e-16
1274	3.85376300763912e-16
1275	3.83471416435094e-16
1276	3.81608986501192e-16
1277	3.79788816246749e-16
1278	3.78010711862556e-16
1279	3.76274480440950e-16
1280	3.74580313166968e-16
1281	3.72928017128617e-16
1282	3.71317400309899e-16
1283	3.69748271586174e-16
1284	3.68220440719547e-16
1285	3.66734098575008e-16
1286	3.65288675271998e-16
1287	3.63884362249976e-16
1288	3.62520592560004e-16
1289	3.61197180337925e-16
1290	3.59914695139432e-16
1291	3.58672195918848e-16
1292	3.57469499385751e-16
1293	3.56306423096104e-16
1294	3.55183160400039e-16
1295	3.54098405676885e-16
1296	3.53052730055956e-16
1297	3.52045207991021e-16
1298	3.51076037294647e-16
1299	3.50144298074005e-16
1300	3.49249818821371e-16
1301	3.48392429259110e-16
1302	3.47571591294231e-16
1303	3.46786770313077e-16
1304	3.46037434721567e-16
1305	3.45324161908756e-16
1306	3.44645316904070e-16
1307	3.44001112149452e-16
1308	3.43391024603968e-16
1309	3.42814534178418e-16
1310	3.42270757866532e-16
1311	3.41759913695857e-16
1312	3.41281123922887e-16
1313	3.40833880102100e-16
1314	3.40417676658565e-16
1315	3.40032010872008e-16
1316	3.39676382860971e-16
1317	3.39350295567064e-16
1318	3.39053254739313e-16
1319	3.38784768918601e-16
1320	3.38543989089967e-16
1321	3.38330790754207e-16
1322	3.38144690731647e-16
1323	3.37984491172080e-16
1324	3.37850075749576e-16
1325	3.37740613425320e-16
1326	3.37655635074595e-16
1327	3.37594674228823e-16
1328	3.37556911055305e-16
1329	3.37541530489611e-16
1330	3.37548432081220e-16
1331	3.37576807025090e-16
1332	3.37625497348210e-16
1333	3.37694765240552e-16
1334	3.37783459937896e-16
1335	3.37890789711745e-16
1336	3.38016670953230e-16
1337	3.38159966736573e-16
1338	3.38320598922385e-16
1339	3.38497439173678e-16
1340	3.38689715429282e-16
1341	3.38897358400740e-16
1342	3.39119253251869e-16
1343	3.39354987881156e-16
1344	3.39603457377980e-16
1345	3.39864604506150e-16
1346	3.40137332631981e-16
1347	3.40421243619969e-16
1348	3.40715250571558e-16
1349	3.41019307991271e-16
1350	3.41332337082975e-16
1351	3.41653953620449e-16
1352	3.41983433183151e-16
1353	3.42321084770251e-16
1354	3.42662763401547e-16
1355	3.43013239571762e-16
1356	3.43369060576244e-16
1357	3.43730203568013e-16
1358	3.44096645799828e-16
1359	3.44464965073152e-16
1360	3.44835153825764e-16
1361	3.45207204527713e-16
1362	3.45584494277688e-16
1363	3.45960241453991e-16
1364	3.46337828192733e-16
1365	3.46717247091452e-16
1366	3.47091761157507e-16
1367	3.47468112350222e-16
1368	3.47842938313509e-16
1369	3.48212896313721e-16
1370	3.48584698726748e-16
1371	3.48948317211534e-16
1372	3.49310459127124e-16
1373	3.49667801028805e-16
1374	3.50020364574064e-16
1375	3.50364850402451e-16
1376	3.50704610550276e-16
1377	3.51039666358500e-16
1378	3.51366732590433e-16
1379	3.51685844775583e-16
1380	3.51993741377859e-16
1381	3.52297056207890e-16
1382	3.52589235261246e-16
1383	3.52870327701557e-16
1384	3.53140382478191e-16
1385	3.53402721484493e-16
1386	3.53654110647659e-16
1387	3.53891334583169e-16
1388	3.54117714550763e-16
1389	3.54330044104585e-16
1390	3.54531634627381e-16
1391	3.54719288575940e-16
1392	3.54893067169057e-16
1393	3.55056267043403e-16
1394	3.55202472883503e-16
1395	3.55331759033262e-16
1396	3.55447421311466e-16
1397	3.55549519593773e-16
1398	3.55631688321786e-16
1399	3.55700430387696e-16
1400	3.55749397998234e-16
1401	3.55785075030475e-16
1402	3.55801131241686e-16
1403	3.55800841727202e-16
1404	3.55784277855476e-16
1405	3.55748330021022e-16
1406	3.55693082543794e-16
1407	3.55618619382068e-16
1408	3.55528191266574e-16
1409	3.55415542680175e-16
1410	3.55287086297924e-16
1411	3.55136583860764e-16
1412	3.54967280184138e-16
1413	3.54776112326234e-16
1414	3.54566315416635e-16
1415	3.54334834667618e-16
1416	3.54084895567885e-16
1417	3.53813451453191e-16
1418	3.53523718216045e-16
1419	3.53212657285209e-16
1420	3.52880361153138e-16
1421	3.52526921918594e-16
1422	3.52152431288499e-16
1423	3.51760081317113e-16
1424	3.51343757106603e-16
1425	3.50906654297792e-16
1426	3.50448863048538e-16
1427	3.49967389749457e-16
1428	3.49465415810164e-16
1429	3.48943030218558e-16
1430	3.48400321585275e-16
1431	3.47834311968481e-16
1432	3.47248163965293e-16
1433	3.46638907411087e-16
1434	3.46009695548395e-16
1435	3.45357565961395e-16
1436	3.44685662581207e-16
1437	3.43991030712526e-16
1438	3.43273768609525e-16
1439	3.42537006303343e-16
1440	3.41780828596250e-16
1441	3.41002296149619e-16
1442	3.40201505624576e-16
1443	3.39378553275469e-16
1444	3.38536546187994e-16
1445	3.37672560242526e-16
1446	3.36786690510277e-16
1447	3.35882030430443e-16
1448	3.34955667231801e-16
1449	3.34007694818660e-16
1450	3.33041193077156e-16
1451	3.32056242520088e-16
1452	3.31049944106353e-16
1453	3.30022388646867e-16
1454	3.28976636547113e-16
1455	3.27912765624425e-16
1456	3.26830853371791e-16
1457	3.25730976959354e-16
1458	3.24610259531333e-16
1459	3.23471739413509e-16
1460	3.22315492791421e-16
1461	3.21141595533742e-16
1462	3.19950123193729e-16
1463	3.18741151010670e-16
1464	3.17514753911325e-16
1465	3.16271006511355e-16
1466	3.15012904683299e-16
1467	3.13737592897658e-16
1468	3.12448058483708e-16
1469	3.11141453308965e-16
1470	3.09817850503271e-16
1471	3.08483126385512e-16
1472	3.07131534229696e-16
1473	3.05763146309396e-16
1474	3.04383814499767e-16
1475	3.02987814913802e-16
1476	3.01580983232892e-16
1477	3.00160488964213e-16
1478	2.98726391318892e-16
1479	2.97281619712851e-16
1480	2.95823354665329e-16
1481	2.94354517383920e-16
1482	2.92872295702786e-16
1483	2.91379602656617e-16
1484	2.89879335659867e-16
1485	2.88365834658385e-16
1486	2.86844844007724e-16
1487	2.85310718621389e-16
1488	2.83769187156460e-16
1489	2.82220283509438e-16
1490	2.80659799077924e-16
1491	2.79092021205975e-16
1492	2.77516419199494e-16
1493	2.75933310311534e-16
1494	2.74342728827624e-16
1495	2.72745270761821e-16
1496	2.71141248422646e-16
1497	2.69531252673433e-16
1498	2.67915311635113e-16
1499	2.66294012188463e-16
1500	2.64667659051363e-16
1501	2.63036555143461e-16
1502	2.61401557633345e-16
1503	2.59762407135880e-16
1504	2.58119678419482e-16
1505	2.56473943221333e-16
1506	2.54825216566111e-16
1507	2.53173789895652e-16
1508	2.51520229237028e-16
1509	2.49864821883879e-16
1510	2.48207853619991e-16
1511	2.46549608726765e-16
1512	2.44891193958762e-16
1513	2.43232338763045e-16
1514	2.41573869740677e-16
1515	2.39916335563284e-16
1516	2.38259735588916e-16
1517	2.36604614872322e-16
1518	2.34951515592793e-16
1519	2.33300432805741e-16
1520	2.31651905129043e-16
1521	2.30006196922670e-16
1522	2.28363571144738e-16
1523	2.26724289358428e-16
1524	2.25088882088051e-16
1525	2.23457607064566e-16
1526	2.21830990289944e-16
1527	2.20209016414379e-16
1528	2.18592208016558e-16
1529	2.16981084918915e-16
1530	2.15375627733889e-16
1531	2.13776352913004e-16
1532	2.12183239115764e-16
1533	2.10597066636936e-16
1534	2.09017811162061e-16
1535	2.07445714957593e-16
1536	2.05881285136683e-16
1537	2.04324228748111e-16
1538	2.02775581581276e-16
1539	2.01235313581151e-16
1540	1.99703659568736e-16
1541	1.98180853104450e-16
1542	1.96667654647098e-16
1543	1.95163765733444e-16
1544	1.93669942969021e-16
1545	1.92185886788732e-16
1546	1.90712349974488e-16
1547	1.89249556623569e-16
1548	1.87797205555420e-16
1549	1.86356043873465e-16
1550	1.84926030700442e-16
1551	1.83507386354623e-16
1552	1.82100330040027e-16
1553	1.80705340144589e-16
1554	1.79322112492435e-16
1555	1.77951123454208e-16
1556	1.76592587547400e-16
1557	1.75246718127456e-16
1558	1.73913727393466e-16
1559	1.72593826393822e-16
1560	1.71286967012442e-16
1561	1.69993359004289e-16
1562	1.68713468345918e-16
1563	1.67446987474746e-16
1564	1.66194637140021e-16
1565	1.64956108847840e-16
1566	1.63731863750131e-16
1567	1.62521593418294e-16
1568	1.61325757108982e-16
1569	1.60144556601850e-16
1570	1.58977683090725e-16
1571	1.57825846949603e-16
1572	1.56688484387845e-16
1573	1.55566049501796e-16
1574	1.54458740559884e-16
1575	1.53366501622236e-16
1576	1.52289276959727e-16
1577	1.51227516029594e-16
1578	1.50181161602703e-16
1579	1.49150408514552e-16
1580	1.48134947479444e-16
1581	1.47135224338829e-16
1582	1.46151180817193e-16
1583	1.45182758858028e-16
1584	1.44229900622911e-16
1585	1.43292548490592e-16
1586	1.42371144319515e-16
1587	1.41465379716351e-16
1588	1.40575196768086e-16
1589	1.39700786469106e-16
1590	1.38842090401833e-16
1591	1.37999050367518e-16
1592	1.37171856139529e-16
1593	1.36360201578122e-16
1594	1.35564276270400e-16
1595	1.34784021956520e-16
1596	1.34019134080160e-16
1597	1.33270048153227e-16
1598	1.32536459743161e-16
1599	1.31818065865448e-16
1600	1.31115546111446e-16
1601	1.30428106882056e-16
1602	1.29755937705939e-16
1603	1.29098982867828e-16
1604	1.28457186858994e-16
1605	1.27830494376379e-16
1606	1.27218606866896e-16
1607	1.26621713496769e-16
1608	1.26039516723381e-16
1609	1.25471962961270e-16
1610	1.24918998823080e-16
1611	1.24380571118737e-16
1612	1.23856626854643e-16
1613	1.23346871885831e-16
1614	1.22851254505875e-16
1615	1.22369723199077e-16
1616	1.21902226639689e-16
1617	1.21448473536296e-16
1618	1.21008413830714e-16
1619	1.20581758087042e-16
1620	1.20168457501703e-16
1621	1.19768463450653e-16
1622	1.19381488811682e-16
1623	1.19007486199420e-16
1624	1.18646170312946e-16
1625	1.18297494992896e-16
1626	1.17961414249327e-16
1627	1.17637407835646e-16
1628	1.17325668767550e-16
1629	1.17025915797353e-16
1630	1.16737869001505e-16
1631	1.16461485825546e-16
1632	1.16196488108930e-16
1633	1.15942599000520e-16
1634	1.15700013323139e-16
1635	1.15468220203917e-16
1636	1.15246945826707e-16
1637	1.15036386312943e-16
1638	1.14836034664735e-16
1639	1.14645853815380e-16
1640	1.14465573365324e-16
1641	1.14294924187132e-16
1642	1.14133871319570e-16
1643	1.13982147312257e-16
1644	1.13839718306573e-16
1645	1.13706086464377e-16
1646	1.13581219863703e-16
1647	1.13464855210349e-16
1648	1.13356730448756e-16
1649	1.13256815683739e-16
1650	1.13164619833566e-16
1651	1.13080115054964e-16
1652	1.13003274244006e-16
1653	1.12933381119431e-16
1654	1.12870870497027e-16
1655	1.12815028779416e-16
1656	1.12765603741634e-16
1657	1.12722801753620e-16
1658	1.12686142878767e-16
1659	1.12655605769728e-16
1660	1.12630713399500e-16
1661	1.12611446217921e-16
1662	1.12597330084530e-16
1663	1.12588574284055e-16
1664	1.12584706721501e-16
1665	1.12585484057345e-16
1666	1.12590664098737e-16
1667	1.12600231763047e-16
1668	1.12613946323075e-16
1669	1.12631342758332e-16
1670	1.12652408572356e-16
1671	1.12676906424212e-16
1672	1.12704600092152e-16
1673	1.12735254468616e-16
1674	1.12768859638630e-16
1675	1.12804958089976e-16
1676	1.12843541578432e-16
1677	1.12884378605861e-16
1678	1.12927461783184e-16
1679	1.12972115493570e-16
1680	1.13018334784238e-16
1681	1.13066336940843e-16
1682	1.13115228422217e-16
1683	1.13165228393794e-16
1684	1.13216112115256e-16
1685	1.13267655907985e-16
1686	1.13319637150352e-16
1687	1.13371834273026e-16
1688	1.13424247137144e-16
1689	1.13476655481560e-16
1690	1.13528620224576e-16
1691	1.13580143564155e-16
1692	1.13631227689733e-16
1693	1.13681217532004e-16
1694	1.13730555239823e-16
1695	1.13778369479832e-16
1696	1.13825102884654e-16
1697	1.13870323799293e-16
1698	1.13913602605762e-16
1699	1.13955164331750e-16
1700	1.13994798387791e-16
1701	1.14032295183924e-16
1702	1.14067446132897e-16
1703	1.14100260156928e-16
1704	1.14130529881231e-16
1705	1.14158264924404e-16
1706	1.14183043354040e-16
1707	1.14204876235553e-16
1708	1.14223559341349e-16
1709	1.14239319414588e-16
1710	1.14251523150038e-16
1711	1.14260398211450e-16
1712	1.14265528466980e-16
1713	1.14266927738610e-16
1714	1.14264609799132e-16
1715	1.14258374872056e-16
1716	1.14248237378444e-16
1717	1.14233785681461e-16
1718	1.14215035586868e-16
1719	1.14192215352546e-16
1720	1.14164703148083e-16
1721	1.14132940121618e-16
1722	1.14096518317829e-16
1723	1.14055243214499e-16
1724	1.14009555043217e-16
1725	1.13958836850624e-16
1726	1.13903106924292e-16
1727	1.13842594031803e-16
1728	1.13776894999662e-16
1729	1.13706028653512e-16
1730	1.13630013752769e-16
1731	1.13548659418088e-16
1732	1.13461985002794e-16
1733	1.13369800702750e-16
1734	1.13272126458690e-16
1735	1.13168773533541e-16
1736	1.13060179184338e-16
1737	1.12945946166445e-16
1738	1.12826094860541e-16
1739	1.12700645575968e-16
1740	1.12569618550997e-16
1741	1.12433033953108e-16
1742	1.12290704944079e-16
1743	1.12142652262553e-16
1744	1.11988690113781e-16
1745	1.11829252250262e-16
1746	1.11663740519566e-16
1747	1.11492382539104e-16
1748	1.11315404908998e-16
1749	1.11132212086246e-16
1750	1.10943441559168e-16
1751	1.10748703763108e-16
1752	1.10548224288708e-16
1753	1.10342023277728e-16
1754	1.10129916688324e-16
1755	1.09911925221084e-16
1756	1.09688273154929e-16
1757	1.09458776935168e-16
1758	1.09223457050534e-16
1759	1.08982333919282e-16
1760	1.08735630614708e-16
1761	1.08483164229449e-16
1762	1.08224954973105e-16
1763	1.07961225021960e-16
1764	1.07691791953074e-16
1765	1.07417078926989e-16
1766	1.07136903158968e-16
1767	1.06851283834321e-16
1768	1.06560440967855e-16
1769	1.06264392932523e-16
1770	1.05963158038279e-16
1771	1.05656754532320e-16
1772	1.05345200599318e-16
1773	1.05028714125793e-16
1774	1.04707112957776e-16
1775	1.04380813723609e-16
1776	1.04049434835379e-16
1777	1.03713391904209e-16
1778	1.03372701406539e-16
1779	1.03027181343129e-16
1780	1.02677245139300e-16
1781	1.02322710460502e-16
1782	1.01963791310913e-16
1783	1.01600503222120e-16
1784	1.01233058981579e-16
1785	1.00861276264047e-16
1786	1.00485564178410e-16
1787	1.00105936724955e-16
1788	9.97222114287267e-17
1789	9.93347952686830e-17
1790	9.89437014436376e-17
1791	9.85487473372192e-17
1792	9.81503378166587e-17
1793	9.77484852907928e-17
1794	9.73430070099890e-17
1795	9.69343057477500e-17
1796	9.65221984524239e-17
1797	9.61070862946780e-17
1798	9.56887859265409e-17
1799	9.52676969258622e-17
1800	9.48436356539900e-17
1801	9.44170000115427e-17
1802	9.39877989917703e-17
1803	9.35560414633960e-17
1804	9.31219292247736e-17
1805	9.26856631897660e-17
1806	9.22472508589389e-17
1807	9.18066997075805e-17
1808	9.13642092926564e-17
1809	9.09197864023629e-17
1810	9.04736294846761e-17
1811	9.00257446473924e-17
1812	8.95763292375673e-17
1813	8.91253886892269e-17
1814	8.86731192565073e-17
1815	8.82197163345418e-17
1816	8.77651840445174e-17
1817	8.73097167026034e-17
1818	8.68533177745969e-17
1819	8.63961805055231e-17
1820	8.59383077121918e-17
1821	8.54798915762375e-17
1822	8.50211234385877e-17
1823	8.45618158842343e-17
1824	8.41021598255077e-17
1825	8.36425338857870e-17
1826	8.31827500144284e-17
1827	8.27229972497878e-17
1828	8.22634638039386e-17
1829	8.18043370660580e-17
1830	8.13454285719803e-17
1831	8.08872999278552e-17
1832	8.04297618566901e-17
1833	7.99729997118936e-17
1834	7.95170113366233e-17
1835	7.90619810773590e-17
1836	7.86080924750119e-17
1837	7.81551560863569e-17
1838	7.77035409538700e-17
1839	7.72530574526360e-17
1840	7.68040732313788e-17
1841	7.63565837713295e-17
1842	7.59105845680349e-17
1843	7.54664408944420e-17
1844	7.50239623909384e-17
1845	7.45833284784679e-17
1846	7.41447177949790e-17
1847	7.37083081986109e-17
1848	7.32737251226147e-17
1849	7.28415140320577e-17
1850	7.24114840861612e-17
1851	7.19838118467977e-17
1852	7.15586731535240e-17
1853	7.11358773067899e-17
1854	7.07157825050773e-17
1855	7.02983803988500e-17
1856	6.98838449665327e-17
1857	6.94719852177627e-17
1858	6.90631567018558e-17
1859	6.86571682886693e-17
1860	6.82545557326022e-17
1861	6.78547645360614e-17
1862	6.74583293432385e-17
1863	6.70652396908140e-17
1864	6.66754851487667e-17
1865	6.62890553202557e-17
1866	6.59059398415019e-17
1867	6.55264887019245e-17
1868	6.51506904467912e-17
1869	6.47783538829315e-17
1870	6.44098273702205e-17
1871	6.40450989862977e-17
1872	6.36839776474117e-17
1873	6.33268100966312e-17
1874	6.29734051340154e-17
1875	6.26241082408307e-17
1876	6.22787281046898e-17
1877	6.19374307063596e-17
1878	6.16002032502464e-17
1879	6.12670329813371e-17
1880	6.09379071850550e-17
1881	6.06131681651269e-17
1882	6.02926248558315e-17
1883	5.99762641001982e-17
1884	5.96640727829178e-17
1885	5.93562145669295e-17
1886	5.90528524072594e-17
1887	5.87536194666777e-17
1888	5.84588551490608e-17
1889	5.81683694400673e-17
1890	5.78823247204257e-17
1891	5.76007070526500e-17
1892	5.73236779749966e-17
1893	5.70510478356478e-17
1894	5.67828028295992e-17
1895	5.65191040722527e-17
1896	5.62599372924489e-17
1897	5.60052882640287e-17
1898	5.57551428056754e-17
1899	5.55094867807581e-17
1900	5.52684800550721e-17
1901	5.50317605023901e-17
1902	5.47996619535728e-17
1903	5.45719966128102e-17
1904	5.43489239135305e-17
1905	5.41302565129847e-17
1906	5.39161535685474e-17
1907	5.37064281887676e-17
1908	5.35010667529282e-17
1909	5.33004003268328e-17
1910	5.31040700096343e-17
1911	5.29120623097975e-17
1912	5.27245355597270e-17
1913	5.25413042113843e-17
1914	5.23623549002219e-17
1915	5.21878455475334e-17
1916	5.20175912707293e-17
1917	5.18515788309268e-17
1918	5.16897950305611e-17
1919	5.15323972443702e-17
1920	5.13790311171952e-17
1921	5.12298542835169e-17
1922	5.10848537096137e-17
1923	5.09438465797590e-17
1924	5.08071597629675e-17
1925	5.06742714075739e-17
1926	5.05453389909021e-17
1927	5.04205193245743e-17
1928	5.02994617276379e-17
1929	5.01823232637491e-17
1930	5.00690917404570e-17
1931	4.99595865844281e-17
1932	4.98536279571041e-17
1933	4.97515409634291e-17
1934	4.96529777656557e-17
1935	4.95580951210516e-17
1936	4.94667140278284e-17
1937	4.93788235886141e-17
1938	4.92944129398153e-17
1939	4.92133042192524e-17
1940	4.91354871468707e-17
1941	4.90609514744519e-17
1942	4.89896869855050e-17
1943	4.89216834951574e-17
1944	4.88565985013359e-17
1945	4.87945889103620e-17
1946	4.87356451415570e-17
1947	4.86795919810697e-17
1948	4.86264204173437e-17
1949	4.85759561436125e-17
1950	4.85281907123370e-17
1951	4.84832807801362e-17
1952	4.84408882816334e-17
1953	4.84010059135076e-17
1954	4.83636263944155e-17
1955	4.83287424649171e-17
1956	4.82961827452242e-17
1957	4.82659405224717e-17
1958	4.82380091039372e-17
1959	4.82122181770136e-17
1960	4.81885615897427e-17
1961	4.81670332085746e-17
1962	4.81473006382252e-17
1963	4.81296847263786e-17
1964	4.81138537767517e-17
1965	4.80996400786267e-17
1966	4.80873640289606e-17
1967	4.80766954695912e-17
1968	4.80674677248330e-17
1969	4.80600007381915e-17
1970	4.80538040597637e-17
1971	4.80490358396839e-17
1972	4.80456920928226e-17
1973	4.80434461928565e-17
1974	4.80424563214298e-17
1975	4.80427190164170e-17
1976	4.80439091516258e-17
1977	4.80460242609557e-17
1978	4.80490618854325e-17
1979	4.80528592232141e-17
1980	4.80575745032541e-17
1981	4.80628852342018e-17
1982	4.80689498180516e-17
1983	4.80756066084900e-17
1984	4.80826946083778e-17
1985	4.80903722319188e-17
1986	4.80983195885522e-17
1987	4.81066952583135e-17
1988	4.81153393790734e-17
1989	4.81240927300655e-17
1990	4.81331138946714e-17
1991	4.81422439723010e-17
1992	4.81513246993898e-17
1993	4.81601984470037e-17
1994	4.81691820599253e-17
1995	4.81778021691737e-17
1996	4.81863754560965e-17
1997	4.81945874428244e-17
1998	4.82022822256972e-17
1999	4.82097760003887e-17
2000	4.82165986943126e-17
2001	4.82230663178803e-17
2002	4.82288668008969e-17
2003	4.82340023652045e-17
2004	4.82384752257724e-17
2005	4.82422875907204e-17
2006	4.82452855977613e-17
2007	4.82473159995715e-17
2008	4.82485376673518e-17
2009	4.82487976469525e-17
2010	4.82480990382995e-17
2011	4.82462896431568e-17
2012	4.82433730053922e-17
2013	4.82391976777380e-17
2014	4.82339224705198e-17
2015	4.82273962217374e-17
2016	4.82194683721884e-17
2017	4.82104520624580e-17
2018	4.81998881289960e-17
2019	4.81880895339797e-17
2020	4.81747523718904e-17
2021	4.81600352115824e-17
2022	4.81439423952503e-17
2023	4.81261713473171e-17
2024	4.81068805939000e-17
2025	4.80860748906226e-17
2026	4.80634529821284e-17
2027	4.80391733481873e-17
2028	4.80132411522298e-17
2029	4.79855089958308e-17
2030	4.79559824620885e-17
2031	4.79248193634768e-17
2032	4.78917206076349e-17
2033	4.78566921769104e-17
2034	4.78198918332052e-17
2035	4.77811734274263e-17
2036	4.77405428890388e-17
2037	4.76978547789977e-17
2038	4.76532666390542e-17
2039	4.76066332909143e-17
2040	4.75579610368734e-17
2041	4.75071054021613e-17
2042	4.74542237049651e-17
2043	4.73993221907093e-17
2044	4.73422567700461e-17
2045	4.72831842612609e-17
2046	4.72219608309696e-17
2047	4.71584432133826e-17
2048	4.70929378973235e-17
2049	4.70253014312456e-17
2050	4.69555403665727e-17
2051	4.68835119298088e-17
2052	4.68093721498679e-17
2053	4.67329784381992e-17
2054	4.66543376237743e-17
2055	4.65734565153951e-17
2056	4.64904904687970e-17
2057	4.64051489741811e-17
2058	4.63177357703494e-17
2059	4.62279608851398e-17
2060	4.61361274409207e-17
2061	4.60419460017449e-17
2062	4.59457190754833e-17
2063	4.58471577609861e-17
2064	4.57464165356892e-17
2065	4.56436492854244e-17
2066	4.55385679085906e-17
2067	4.54313263948708e-17
2068	4.53220781450216e-17
2069	4.52105358538270e-17
2070	4.50969995903655e-17
2071	4.49813290018368e-17
2072	4.48633842826526e-17
2073	4.47434645951882e-17
2074	4.46214299546020e-17
2075	4.44974326397917e-17
2076	4.43711871921675e-17
2077	4.42429915723598e-17
2078	4.41127062847389e-17
2079	4.39804829732194e-17
2080	4.38463275453814e-17
2081	4.37102458914729e-17
2082	4.35722438844663e-17
2083	4.34323273801133e-17
2084	4.32905022170013e-17
2085	4.31470631445213e-17
2086	4.30015821599024e-17
2087	4.28543538410350e-17
2088	4.27055275940889e-17
2089	4.25548205240023e-17
2090	4.24023821436345e-17
2091	4.22482177629714e-17
2092	4.20923326764475e-17
2093	4.19348755249670e-17
2094	4.17758511614286e-17
2095	4.16151213360600e-17
2096	4.14529771867117e-17
2097	4.12892802986309e-17
2098	4.11240354680851e-17
2099	4.09573900210325e-17
2100	4.07892059105791e-17
2101	4.06196301110245e-17
2102	4.04486666923137e-17
2103	4.02763196596948e-17
2104	4.01025930069537e-17
2105	3.99276324489354e-17
2106	3.97512999550558e-17
2107	3.95738824127196e-17
2108	3.93951003069771e-17
2109	3.92153811630401e-17
2110	3.90344455810087e-17
2111	3.88525789343989e-17
2112	3.86696431353029e-17
2113	3.84857819439727e-17
2114	3.83008575226888e-17
2115	3.81151537444649e-17
2116	3.79285326232092e-17
2117	3.77411369573570e-17
2118	3.75528290119550e-17
2119	3.73638911727388e-17
2120	3.71740458251693e-17
2121	3.69837144165048e-17
2122	3.67926194523706e-17
2123	3.66009025044342e-17
2124	3.64088438221312e-17
2125	3.62160272132109e-17
2126	3.60228717335896e-17
2127	3.58292396002237e-17
2128	3.56352709206806e-17
2129	3.54409667217971e-17
2130	3.52461896017174e-17
2131	3.50512175626682e-17
2132	3.48559130668538e-17
2133	3.46604151660166e-17
2134	3.44647244843367e-17
2135	3.42689794224395e-17
2136	3.40731802140168e-17
2137	3.38771895714646e-17
2138	3.36812828967262e-17
2139	3.34854600355535e-17
2140	3.32897208340553e-17
2141	3.30940651386957e-17
2142	3.28986296757366e-17
2143	3.27032771575345e-17
2144	3.25082806806494e-17
2145	3.23135028325958e-17
2146	3.21189430817469e-17
2147	3.19247371406828e-17
2148	3.17308841002052e-17
2149	3.15375190429599e-17
2150	3.13445048224037e-17
2151	3.11519762741856e-17
2152	3.09599321225636e-17
2153	3.07685065802190e-17
2154	3.05775626424948e-17
2155	3.03873695115810e-17
2156	3.01976549581157e-17
2157	3.00086876910065e-17
2158	2.98204657068261e-17
2159	2.96328522748011e-17
2160	2.94461149928634e-17
2161	2.92601170163156e-17
2162	2.90749907228958e-17
2163	2.88907337639648e-17
2164	2.87073437973291e-17
2165	2.85248184872214e-17
2166	2.83432893678825e-17
2167	2.81627537458670e-17
2168	2.79832089351222e-17
2169	2.78046522569645e-17
2170	2.76272144107209e-17
2171	2.74507591160980e-17
2172	2.72755499673239e-17
2173	2.71014505779102e-17
2174	2.69285908207429e-17
2175	2.67569673301105e-17
2176	2.65865767495295e-17
2177	2.64174157317161e-17
2178	2.62494809385585e-17
2179	2.60829013125478e-17
2180	2.59176731699490e-17
2181	2.57536608080785e-17
2182	2.55911247423837e-17
2183	2.54299291691391e-17
2184	2.52702021114331e-17
2185	2.51118080280890e-17
2186	2.49548747218316e-17
2187	2.47995295247568e-17
2188	2.46455057425833e-17
2189	2.44930619152156e-17
2190	2.43421937425597e-17
2191	2.41927661094004e-17
2192	2.40449058045933e-17
2193	2.38986085626861e-17
2194	2.37537396604506e-17
2195	2.36105559133384e-17
2196	2.34690527342393e-17
2197	2.33290954351223e-17
2198	2.31906798088714e-17
2199	2.30539315367483e-17
2200	2.29188460804820e-17
2201	2.27854189219794e-17
2202	2.26536455866876e-17
2203	2.25235216200010e-17
2204	2.23951718678292e-17
2205	2.22684623768193e-17
2206	2.21433887289691e-17
2207	2.20200754555133e-17
2208	2.18983889916048e-17
2209	2.17784536594640e-17
2210	2.16602647399549e-17
2211	2.15436890554467e-17
2212	2.14288506157843e-17
2213	2.13157447395569e-17
2214	2.12043667580111e-17
2215	2.10945840072273e-17
2216	2.09866479746999e-17
2217	2.08804259059992e-17
2218	2.07759131826208e-17
2219	2.06729776517213e-17
2220	2.05718699281648e-17
2221	2.04724577689216e-17
2222	2.03747366051361e-17
2223	2.02788289685872e-17
2224	2.01844760241537e-17
2225	2.00919273025289e-17
2226	2.00009244499921e-17
2227	1.99117165652856e-17
2228	1.98241722933813e-17
2229	1.97381607461468e-17
2230	1.96539303764262e-17
2231	1.95713502067063e-17
2232	1.94904157901335e-17
2233	1.94109967389649e-17
2234	1.93333406486168e-17
2235	1.92571913147126e-17
2236	1.91827959055626e-17
2237	1.91098986906854e-17
2238	1.90386210215475e-17
2239	1.89688332549331e-17
2240	1.89007817076901e-17
2241	1.88340865372558e-17
2242	1.87689939710881e-17
2243	1.87054996905523e-17
2244	1.86434746672735e-17
2245	1.85829149389091e-17
2246	1.85238165537298e-17
2247	1.84661755705886e-17
2248	1.84099880588889e-17
2249	1.83552500985536e-17
2250	1.83019577799938e-17
2251	1.82501072322063e-17
2252	1.81995708699675e-17
2253	1.81503453126378e-17
2254	1.81025508058125e-17
2255	1.80559366423282e-17
2256	1.80107465935296e-17
2257	1.79668536972752e-17
2258	1.79242546175534e-17
2259	1.78828229562635e-17
2260	1.78426786834661e-17
2261	1.78038184889194e-17
2262	1.77661163263761e-17
2263	1.77294465919741e-17
2264	1.76940517066865e-17
2265	1.76598059737405e-17
2266	1.76267064487797e-17
2267	1.75946279911861e-17
2268	1.75635679951367e-17
2269	1.75336458502883e-17
2270	1.75047367608687e-17
2271	1.74768381418346e-17
2272	1.74499474148872e-17
2273	1.74240620084522e-17
2274	1.73990579047275e-17
2275	1.73749328657039e-17
2276	1.73518058988185e-17
2277	1.73294321919985e-17
2278	1.73079308708589e-17
2279	1.72872997205786e-17
2280	1.72675365320910e-17
2281	1.72485183932653e-17
2282	1.72302434237323e-17
2283	1.72125892505442e-17
2284	1.71957951034297e-17
2285	1.71796182268831e-17
2286	1.71641772569731e-17
2287	1.71493502607276e-17
2288	1.71351357011319e-17
2289	1.71215320451353e-17
2290	1.71085377636396e-17
2291	1.70960316739212e-17
2292	1.70841321210543e-17
2293	1.70727181383531e-17
2294	1.70617885242918e-17
2295	1.70513420804254e-17
2296	1.70412584742906e-17
2297	1.70316558580428e-17
2298	1.70224141121698e-17
2299	1.70136511867412e-17
2300	1.70051284514733e-17
2301	1.69969639840126e-17
2302	1.69891570130710e-17
2303	1.69814699606829e-17
2304	1.69742576294639e-17
2305	1.69671643383562e-17
2306	1.69603080637274e-17
2307	1.69536883688171e-17
2308	1.69471869161270e-17
2309	1.69408035770916e-17
2310	1.69346559210153e-17
2311	1.69286259183704e-17
2312	1.69225959473305e-17
2313	1.69166835777356e-17
2314	1.69108886819131e-17
2315	1.69050939424316e-17
2316	1.68992995354436e-17
2317	1.68935056364931e-17
2318	1.68877124205179e-17
2319	1.68818032757570e-17
2320	1.68758953633042e-17
2321	1.68698722709442e-17
2322	1.68637344719433e-17
2323	1.68575988225310e-17
2324	1.68512329244431e-17
2325	1.68447537314199e-17
2326	1.68380456268830e-17
2327	1.68312253611087e-17
2328	1.68241775137534e-17
2329	1.68170186321653e-17
2330	1.68095178055106e-17
2331	1.68017916763927e-17
2332	1.67938410002682e-17
2333	1.67856665305008e-17
2334	1.67771537282367e-17
2335	1.67683036387946e-17
2336	1.67591173046581e-17
2337	1.67497107598734e-17
2338	1.67398549541747e-17
2339	1.67296660144342e-17
2340	1.67191449718796e-17
2341	1.67081782531123e-17
2342	1.66968816812641e-17
2343	1.66851418725231e-17
2344	1.66729601393413e-17
2345	1.66603377906624e-17
2346	1.66473902458899e-17
2347	1.66338904818625e-17
2348	1.66199540083421e-17
2349	1.66054682976108e-17
2350	1.65905486576068e-17
2351	1.65751963539528e-17
2352	1.65592990279331e-17
2353	1.65428581176956e-17
2354	1.65258750576823e-17
2355	1.65084645222412e-17
2356	1.64904013551415e-17
2357	1.64719133711267e-17
2358	1.64527757909930e-17
2359	1.64332160382893e-17
2360	1.64130097099034e-17
2361	1.63922711703242e-17
2362	1.63708892512028e-17
2363	1.63489781181020e-17
2364	1.63264267854557e-17
2365	1.63033492204302e-17
2366	1.62797468130899e-17
2367	1.62553967528727e-17
2368	1.62305249983229e-17
2369	1.62051329281079e-17
2370	1.61789982874090e-17
2371	1.61523464548931e-17
2372	1.61250671713943e-17
2373	1.60972736153927e-17
2374	1.60687442697544e-17
2375	1.60397037433630e-17
2376	1.60100421374738e-17
2377	1.59796499241456e-17
2378	1.59487511372740e-17
2379	1.59172361470377e-17
2380	1.58852174480835e-17
2381	1.58524748052650e-17
2382	1.58191207981991e-17
2383	1.57851570316618e-17
2384	1.57505851063367e-17
2385	1.57155170320385e-17
2386	1.56797334823629e-17
2387	1.56433465516252e-17
2388	1.56064679602776e-17
2389	1.55689889683596e-17
2390	1.55308012007741e-17
2391	1.54921262257797e-17
2392	1.54529653362767e-17
2393	1.54131004691480e-17
2394	1.53727526297718e-17
2395	1.53318136071905e-17
2396	1.52903943564888e-17
2397	1.52483868424369e-17
2398	1.52057926106389e-17
2399	1.51627223313216e-17
2400	1.51190682318947e-17
