fNL Fisher forecast
l range: 2...85, FWHM = 1.6 deg, n_s = 0.965
Planck prior on n_s: sigma(ns) = 0.004

b= [6.000e+00 1.200e+01 2.000e+01 3.000e+01 4.200e+01 5.600e+01 7.200e+01
 9.000e+01 1.100e+02 1.320e+02 1.560e+02 1.820e+02 2.100e+02 2.400e+02
 2.720e+02 3.060e+02 3.420e+02 3.800e+02 4.200e+02 4.620e+02 5.060e+02
 5.520e+02 6.000e+02 6.500e+02 7.020e+02 7.560e+02 8.120e+02 8.700e+02
 9.300e+02 9.920e+02 1.056e+03 1.122e+03 1.190e+03 1.260e+03 1.332e+03
 1.406e+03 1.482e+03 1.560e+03 1.640e+03 1.722e+03 1.806e+03 1.892e+03
 1.980e+03 2.070e+03 2.162e+03 2.256e+03 2.352e+03 2.450e+03 2.550e+03
 2.652e+03 2.756e+03 2.862e+03 2.970e+03 3.080e+03 3.192e+03 3.306e+03
 3.422e+03 3.540e+03 3.660e+03 3.782e+03 3.906e+03 4.032e+03 4.160e+03
 4.290e+03 4.422e+03 4.556e+03 4.692e+03 4.830e+03 4.970e+03 5.112e+03
 5.256e+03 5.402e+03 5.550e+03 5.700e+03 5.852e+03 6.006e+03 6.162e+03
 6.320e+03 6.480e+03 6.642e+03 6.806e+03 6.972e+03 7.140e+03 7.310e+03]
1D Fisher (analytic b, fix n_s): F = 1.306042e-04,  sigma(f_NL) = 8.750270e+01
b= [1.66477234e-01 4.79201633e-01 1.02530200e+00 1.90925263e+00
 3.12566815e+00 4.88192112e+00 7.02386299e+00 9.94413535e+00
 1.32987522e+01 1.76109394e+01 2.25665643e+01 2.83617691e+01
 3.54621979e+01 4.26945178e+01 5.25390436e+01 6.12734201e+01
 7.40903320e+01 8.50931371e+01 1.00079031e+02 1.15346969e+02
 1.30582740e+02 1.52604856e+02 1.66936584e+02 1.95602627e+02
 2.12521327e+02 2.41552341e+02 2.70693104e+02 2.90257050e+02
 3.39169411e+02 3.49502489e+02 4.07692485e+02 4.31175918e+02
 4.70033393e+02 5.32504594e+02 5.43429054e+02 6.26211888e+02
 6.58012331e+02 6.96369267e+02 8.03603144e+02 7.85757553e+02
 9.19989952e+02 9.44578567e+02 1.00300588e+03 1.11687804e+03
 1.15058937e+03 1.22220059e+03 1.36215934e+03 1.37053620e+03
 1.47109183e+03 1.67087900e+03 1.53890202e+03 1.88505060e+03
 1.84377148e+03 1.91303539e+03 2.18360877e+03 2.15487242e+03
 2.27148461e+03 2.51242113e+03 2.55450289e+03 2.58616485e+03
 2.95410736e+03 2.95073739e+03 2.93487657e+03 3.47043666e+03
 3.34247617e+03 3.36080610e+03 4.01087541e+03 3.73788658e+03
 3.97358801e+03 4.31977194e+03 4.52139720e+03 4.32907057e+03
 4.86104278e+03 5.23848798e+03 4.83700499e+03 5.36638536e+03
 5.95768978e+03 5.58554025e+03 5.71992190e+03 6.81631815e+03
 6.26406512e+03 6.53544130e+03 7.05162329e+03 7.50559595e+03]
1D Fisher (numerical b(l,n_s), fix n_s): F = 1.199348e-05,  sigma(f_NL) = 2.887536e+02

    f_NL fid  sigma_unmarg    sigma_marg  sigma_ns marg  corr(f_NL,n_s)
----------------------------------------------------------------------
           0  1.516777e+02  1.516777e+02  4.000000e-03        0.0000
           1  1.516777e+02  1.516778e+02  4.000000e-03       -0.0006
           5  1.516777e+02  1.516783e+02  4.000000e-03       -0.0028
       12500  1.516777e+02  1.058646e+03  4.000000e-03       -0.9897
       25000  1.516777e+02  2.100929e+03  4.000000e-03       -0.9974
